1.671570 -0.895947 1.890946 -3.024018 0.391463 -0.777606
1.730157 -1.012896 1.898230 -3.172473 -0.036992 -0.505682
1.843673 -1.140563 1.884505 -2.893914 -0.492632 -0.603399
1.986893 -1.147338 1.793712 -2.763204 -0.960862 -0.538905
2.122916 -1.072307 1.662137 -2.608334 -1.412382 -0.461055
2.223971 -0.943434 1.510517 -2.414682 -1.825486 -0.359412
2.279994 -0.792541 1.357265 -2.155100 -2.192076 -0.205366
2.281888 -0.792475 1.360636 -2.161694 -2.197273 -0.209814
1.671263 -0.880018 1.877669 -3.102587 0.411222 -0.676448
1.727744 -0.819387 1.601233 -4.158141 0.125996 0.573641
1.832796 -0.879105 1.274940 -5.161390 0.410764 1.968140
1.969113 -0.886276 1.166457 -5.206006 0.814280 2.182560
2.110339 -0.813758 1.038736 -5.146554 1.221447 2.295433
1.675195 -0.808793 1.366604 -6.096451 -0.492144 2.671333
1.667478 -0.823036 1.334807 -6.060034 -0.497821 2.682195
1.666368 -0.824940 1.340462 -6.055003 -0.494648 2.670692
1.665270 -0.826813 1.346100 -6.049861 -0.491475 2.659052
1.664164 -0.828662 1.351689 -6.044524 -0.488314 2.647304
2.218437 -1.081805 1.053672 -6.293534 -2.672698 3.166480
2.218488 -1.081820 1.053708 -6.293526 -2.672685 3.166534
2.218488 -1.081820 1.053708 -6.293526 -2.672685 3.166534
2.218420 -1.081834 1.053702 -6.293598 -2.672736 3.166358
2.218420 -1.081834 1.053702 -6.293598 -2.672736 3.166358
2.218420 -1.081834 1.053702 -6.293598 -2.672736 3.166358
2.218412 -1.081774 1.053615 -6.293465 -2.672691 3.166492
2.218423 -1.081833 1.053684 -6.293566 -2.672732 3.166416
2.218423 -1.081833 1.053684 -6.293566 -2.672732 3.166416
2.218441 -1.081820 1.053659 -6.293533 -2.672720 3.166429
2.218441 -1.081820 1.053659 -6.293533 -2.672720 3.166429
2.218427 -1.081761 1.053617 -6.293472 -2.672689 3.166490
2.218427 -1.081761 1.053617 -6.293472 -2.672689 3.166490
2.218427 -1.081761 1.053617 -6.293472 -2.672689 3.166490
2.218427 -1.081761 1.053617 -6.293472 -2.672689 3.166490
2.218435 -1.081805 1.053678 -6.293507 -2.672697 3.166514
2.218435 -1.081805 1.053678 -6.293507 -2.672697 3.166514
2.218435 -1.081805 1.053678 -6.293507 -2.672697 3.166514
2.218457 -1.081762 1.053663 -6.293481 -2.672655 3.166555
2.218457 -1.081762 1.053663 -6.293481 -2.672655 3.166555
2.218447 -1.081814 1.053689 -6.293548 -2.672711 3.166461
2.218447 -1.081814 1.053689 -6.293548 -2.672711 3.166461
2.218447 -1.081814 1.053689 -6.293548 -2.672711 3.166461
2.218461 -1.081791 1.053675 -6.293509 -2.672703 3.166496
2.218461 -1.081791 1.053675 -6.293509 -2.672703 3.166496
2.218461 -1.081791 1.053675 -6.293509 -2.672703 3.166496
2.218438 -1.081799 1.053659 -6.293523 -2.672706 3.166470
2.218438 -1.081799 1.053659 -6.293523 -2.672706 3.166470
2.218438 -1.081799 1.053659 -6.293523 -2.672706 3.166470
2.218480 -1.081765 1.053624 -6.293461 -2.672683 3.166547
2.218480 -1.081765 1.053624 -6.293461 -2.672683 3.166547
2.218480 -1.081765 1.053624 -6.293461 -2.672683 3.166547
2.218467 -1.081848 1.053724 -6.293568 -2.672713 3.166470
2.218467 -1.081848 1.053724 -6.293568 -2.672713 3.166470
2.218467 -1.081848 1.053724 -6.293568 -2.672713 3.166470
2.218428 -1.081761 1.053636 -6.293514 -2.672691 3.166456
2.218428 -1.081761 1.053636 -6.293514 -2.672691 3.166456
2.218436 -1.081799 1.053655 -6.293524 -2.672712 3.166458
2.218436 -1.081799 1.053655 -6.293524 -2.672712 3.166458
2.218445 -1.081798 1.053655 -6.293514 -2.672721 3.166460
2.218445 -1.081798 1.053655 -6.293514 -2.672721 3.166460
2.218445 -1.081798 1.053655 -6.293514 -2.672721 3.166460
2.218454 -1.081759 1.053637 -6.293467 -2.672691 3.166506
2.218454 -1.081759 1.053637 -6.293467 -2.672691 3.166506
2.218454 -1.081759 1.053637 -6.293467 -2.672691 3.166506
2.218448 -1.081777 1.053666 -6.293533 -2.672699 3.166462
2.218448 -1.081777 1.053666 -6.293533 -2.672699 3.166462
2.218448 -1.081777 1.053666 -6.293533 -2.672699 3.166462
2.218448 -1.081800 1.053683 -6.293552 -2.672712 3.166454
2.218448 -1.081800 1.053683 -6.293552 -2.672712 3.166454
2.218448 -1.081800 1.053683 -6.293552 -2.672712 3.166454
2.218448 -1.081800 1.053683 -6.293552 -2.672712 3.166454
2.218429 -1.081815 1.053667 -6.293542 -2.672736 3.166420
2.218429 -1.081815 1.053667 -6.293542 -2.672736 3.166420
2.218429 -1.081815 1.053667 -6.293542 -2.672736 3.166420
2.218451 -1.081814 1.053689 -6.293552 -2.672726 3.166424
2.218451 -1.081814 1.053689 -6.293552 -2.672726 3.166424
2.218451 -1.081814 1.053689 -6.293552 -2.672726 3.166424
2.218456 -1.081806 1.053714 -6.293563 -2.672698 3.166484
2.218456 -1.081806 1.053714 -6.293563 -2.672698 3.166484
2.218456 -1.081806 1.053714 -6.293563 -2.672698 3.166484
2.218420 -1.081775 1.053632 -6.293502 -2.672701 3.166447
2.218420 -1.081775 1.053632 -6.293502 -2.672701 3.166447
2.218420 -1.081775 1.053632 -6.293502 -2.672701 3.166447
2.218423 -1.081822 1.053704 -6.293555 -2.672723 3.166451
2.218423 -1.081822 1.053704 -6.293555 -2.672723 3.166451
2.218423 -1.081822 1.053704 -6.293555 -2.672723 3.166451
2.218421 -1.081792 1.053671 -6.293563 -2.672720 3.166394
2.218421 -1.081792 1.053671 -6.293563 -2.672720 3.166394
2.218421 -1.081792 1.053671 -6.293563 -2.672720 3.166394
2.218416 -1.081780 1.053603 -6.293474 -2.672703 3.166445
2.218416 -1.081780 1.053603 -6.293474 -2.672703 3.166445
2.218416 -1.081780 1.053603 -6.293474 -2.672703 3.166445
2.218449 -1.081805 1.053691 -6.293551 -2.672703 3.166453
2.218449 -1.081805 1.053691 -6.293551 -2.672703 3.166453
2.218449 -1.081805 1.053691 -6.293551 -2.672703 3.166453
2.218420 -1.081811 1.053686 -6.293552 -2.672699 3.166461
2.218420 -1.081811 1.053686 -6.293552 -2.672699 3.166461
2.218420 -1.081811 1.053686 -6.293552 -2.672699 3.166461
2.218411 -1.081830 1.053731 -6.293609 -2.672726 3.166405
2.218411 -1.081830 1.053731 -6.293609 -2.672726 3.166405
2.218411 -1.081830 1.053731 -6.293609 -2.672726 3.166405
2.218423 -1.081882 1.053774 -6.293659 -2.672727 3.166402
2.218423 -1.081882 1.053774 -6.293659 -2.672727 3.166402
2.218423 -1.081882 1.053774 -6.293659 -2.672727 3.166402
2.218447 -1.081776 1.053642 -6.293495 -2.672711 3.166468
2.218447 -1.081776 1.053642 -6.293495 -2.672711 3.166468
2.218447 -1.081776 1.053642 -6.293495 -2.672711 3.166468
2.218433 -1.081791 1.053669 -6.293540 -2.672724 3.166429
2.218433 -1.081791 1.053669 -6.293540 -2.672724 3.166429
2.218433 -1.081791 1.053669 -6.293540 -2.672724 3.166429
2.218411 -1.081811 1.053679 -6.293581 -2.672723 3.166392
2.218411 -1.081811 1.053679 -6.293581 -2.672723 3.166392
2.218411 -1.081811 1.053679 -6.293581 -2.672723 3.166392
2.218412 -1.081830 1.053699 -6.293582 -2.672711 3.166426
2.218412 -1.081830 1.053699 -6.293582 -2.672711 3.166426
2.218412 -1.081830 1.053699 -6.293582 -2.672711 3.166426
2.218452 -1.081838 1.053725 -6.293584 -2.672716 3.166451
2.218452 -1.081838 1.053725 -6.293584 -2.672716 3.166451
1.675206 -0.808806 1.366583 -6.096448 -0.492145 2.671320
1.667509 -0.823010 1.334822 -6.060084 -0.497824 2.682217
1.666388 -0.824928 1.340469 -6.055032 -0.494621 2.670721
1.665275 -0.826837 1.346090 -6.049829 -0.491463 2.659038
1.664165 -0.828680 1.351696 -6.044527 -0.488354 2.647263
1.663052 -0.830440 1.357280 -6.039109 -0.485294 2.635397
1.661950 -0.832236 1.362862 -6.033558 -0.482278 2.623347
1.660870 -0.833963 1.368395 -6.027859 -0.479331 2.611143
1.659785 -0.835656 1.373932 -6.022061 -0.476419 2.598804
1.658709 -0.837312 1.379468 -6.016163 -0.473559 2.586297
1.657643 -0.838926 1.384986 -6.010087 -0.470676 2.573687
1.656594 -0.840494 1.390472 -6.003956 -0.468011 2.560895
1.655535 -0.842037 1.395956 -5.997672 -0.465312 2.547982
1.654455 -0.843558 1.401437 -5.991277 -0.462647 2.534958
1.653396 -0.845007 1.406908 -5.984752 -0.460047 2.521736
1.652357 -0.846437 1.412364 -5.978115 -0.457520 2.508392
1.651326 -0.847833 1.417816 -5.971365 -0.455054 2.494908
1.650319 -0.849215 1.423227 -5.964490 -0.452669 2.481302
1.649303 -0.850537 1.428666 -5.957512 -0.450327 2.467533
1.648293 -0.851823 1.434103 -5.950427 -0.448047 2.453624
1.647275 -0.853071 1.439556 -5.943262 -0.445841 2.439568
1.646280 -0.854286 1.444989 -5.935964 -0.443693 2.425382
1.645326 -0.855465 1.450431 -5.928560 -0.441605 2.411037
1.644347 -0.856610 1.455867 -5.921057 -0.439592 2.396577
1.643377 -0.857723 1.461306 -5.913459 -0.437651 2.381987
1.642414 -0.858801 1.466734 -5.905755 -0.435780 2.367270
1.641459 -0.859848 1.472187 -5.897973 -0.433983 2.352418
1.640514 -0.860861 1.477643 -5.890095 -0.432255 2.337438
1.639564 -0.861840 1.483130 -5.882140 -0.430610 2.322332
1.638634 -0.862792 1.488605 -5.874103 -0.429034 2.307113
1.637713 -0.863712 1.494092 -5.865989 -0.427536 2.291775
1.636805 -0.864618 1.499575 -5.857757 -0.426065 2.276334
1.635902 -0.865480 1.505087 -5.849500 -0.424724 2.260769
1.634999 -0.866297 1.510616 -5.841191 -0.423519 2.245071
1.634114 -0.867104 1.516159 -5.832811 -0.422338 2.229301
1.633238 -0.867885 1.521718 -5.824376 -0.421241 2.213434
1.632402 -0.868626 1.527309 -5.815884 -0.420189 2.197453
1.631509 -0.869360 1.532888 -5.807378 -0.419267 2.181461
1.630662 -0.870066 1.538506 -5.798807 -0.418421 2.165325
1.629824 -0.870751 1.544143 -5.790200 -0.417663 2.149112
1.629003 -0.871406 1.549806 -5.781532 -0.416979 2.132755
1.628185 -0.872047 1.555488 -5.772868 -0.416394 2.116398
1.627377 -0.872669 1.561194 -5.764189 -0.415897 2.099981
1.626580 -0.873289 1.566942 -5.755530 -0.415524 2.083516
1.625792 -0.873873 1.572696 -5.746828 -0.415206 2.066991
1.625002 -0.874426 1.578456 -5.738094 -0.414956 2.050447
1.624235 -0.874978 1.584262 -5.729393 -0.414818 2.033838
1.623480 -0.875517 1.590092 -5.720700 -0.414770 2.017197
1.622759 -0.876045 1.595948 -5.711974 -0.414795 2.000512
1.622025 -0.876556 1.601829 -5.703312 -0.414931 1.983821
1.621308 -0.877065 1.607735 -5.694731 -0.415179 1.967131
1.620597 -0.877552 1.613667 -5.686126 -0.415502 1.950421
1.619897 -0.878028 1.619625 -5.677557 -0.415915 1.933709
1.619209 -0.878515 1.625605 -5.669016 -0.416430 1.916996
1.618533 -0.878972 1.631613 -5.660534 -0.417032 1.900298
1.617869 -0.879422 1.637646 -5.652104 -0.417726 1.883622
1.617203 -0.879864 1.643714 -5.643708 -0.418484 1.866982
1.616564 -0.880301 1.649794 -5.635395 -0.419366 1.850356
1.615918 -0.880715 1.655876 -5.627187 -0.420368 1.833756
1.615304 -0.881140 1.662000 -5.619011 -0.421435 1.817207
1.614702 -0.881560 1.668146 -5.610910 -0.422594 1.800707
1.614140 -0.881962 1.674332 -5.602885 -0.423853 1.784289
1.613563 -0.882374 1.680517 -5.594949 -0.425197 1.767901
1.613001 -0.882784 1.686720 -5.587100 -0.426634 1.751578
1.612434 -0.883193 1.692937 -5.579330 -0.428137 1.735250
1.611898 -0.883598 1.699173 -5.571668 -0.429754 1.719070
1.611366 -0.884025 1.705420 -5.564116 -0.431486 1.703012
1.610857 -0.884427 1.711686 -5.556657 -0.433286 1.686995
1.610365 -0.884825 1.717961 -5.549299 -0.435175 1.671063
1.609890 -0.885214 1.724270 -5.542080 -0.437169 1.655279
1.609425 -0.885611 1.730566 -5.534943 -0.439234 1.639539
1.608974 -0.886008 1.736870 -5.527920 -0.441386 1.623900
1.608551 -0.886379 1.743169 -5.520996 -0.443601 1.608306
1.608130 -0.886774 1.749486 -5.514204 -0.445927 1.592876
1.607725 -0.887167 1.755807 -5.507533 -0.448338 1.577558
1.607359 -0.887572 1.762136 -5.500934 -0.450817 1.562319
1.606985 -0.887963 1.768460 -5.494507 -0.453395 1.547231
1.606619 -0.888361 1.774743 -5.488222 -0.456072 1.532295
1.606277 -0.888752 1.781067 -5.482043 -0.458816 1.517447
1.605950 -0.889139 1.787387 -5.475993 -0.461641 1.502720
1.605603 -0.889523 1.793736 -5.470086 -0.464553 1.488129
1.605310 -0.889907 1.800046 -5.464290 -0.467538 1.473653
1.605033 -0.890291 1.806350 -5.458621 -0.470601 1.459308
1.604790 -0.890681 1.812639 -5.453059 -0.473748 1.445106
1.604548 -0.891059 1.818925 -5.447647 -0.476967 1.431019
1.604323 -0.891433 1.825201 -5.442365 -0.480261 1.417062
1.604146 -0.891807 1.831459 -5.437239 -0.483624 1.403269
1.603957 -0.892176 1.837711 -5.432218 -0.487068 1.389577
1.603782 -0.892528 1.843968 -5.427245 -0.490563 1.375907
1.603629 -0.892888 1.850189 -5.422480 -0.494153 1.362479
1.603494 -0.893244 1.856393 -5.417839 -0.497815 1.349185
1.603375 -0.893607 1.862554 -5.413399 -0.501566 1.336074
1.603278 -0.893952 1.868722 -5.409013 -0.505368 1.323044
1.603201 -0.894291 1.874870 -5.404755 -0.509238 1.310148
1.603120 -0.894580 1.881000 -5.400591 -0.513184 1.297307
1.603081 -0.894905 1.887107 -5.396582 -0.517190 1.284673
1.603050 -0.895265 1.893218 -5.392683 -0.521245 1.272254
1.603051 -0.895577 1.899280 -5.388919 -0.525383 1.259880
1.603073 -0.895881 1.905317 -5.385273 -0.529585 1.247633
1.603145 -0.896175 1.911312 -5.381758 -0.533863 1.235505
1.603209 -0.896463 1.917298 -5.378350 -0.538194 1.223513
1.603263 -0.896737 1.923249 -5.375164 -0.542612 1.211754
1.603369 -0.897006 1.929181 -5.371989 -0.547066 1.200013
1.628995 -0.847195 1.917568 -5.371668 -0.556779 1.154780
1.675191 -0.808797 1.366603 -6.096482 -0.492148 2.671331
1.667506 -0.823021 1.334806 -6.060047 -0.497820 2.682219
1.666392 -0.824947 1.340462 -6.055048 -0.494606 2.670704
1.665257 -0.826818 1.346069 -6.049808 -0.491455 2.659061
1.664160 -0.828659 1.351687 -6.044493 -0.488362 2.647254
1.663081 -0.830447 1.357285 -6.039071 -0.485294 2.635368
1.661961 -0.832234 1.362860 -6.033537 -0.482278 2.623312
1.660856 -0.833975 1.368407 -6.027821 -0.479329 2.611094
1.659803 -0.835657 1.373947 -6.022073 -0.476415 2.598774
1.658744 -0.837313 1.379467 -6.016172 -0.473540 2.586316
1.657672 -0.838931 1.384976 -6.010129 -0.470731 2.573690
1.656572 -0.840491 1.390469 -6.003923 -0.467987 2.560869
1.655513 -0.842034 1.395953 -5.997638 -0.465288 2.547955
1.654465 -0.843543 1.401441 -5.991287 -0.462622 2.534969
1.653420 -0.845012 1.406905 -5.984765 -0.460038 2.521769
1.652382 -0.846442 1.412362 -5.978128 -0.457510 2.508426
1.651344 -0.847849 1.417805 -5.971360 -0.455062 2.494900
1.650320 -0.849206 1.423248 -5.964494 -0.452658 2.481271
1.649304 -0.850528 1.428688 -5.957516 -0.450316 2.467501
1.648294 -0.851817 1.434126 -5.950425 -0.448062 2.453592
1.647292 -0.853068 1.439560 -5.943230 -0.445848 2.439542
1.646298 -0.854282 1.444994 -5.935933 -0.443700 2.425357
1.645294 -0.855483 1.450409 -5.928562 -0.441593 2.411028
1.644315 -0.856627 1.455845 -5.921059 -0.439580 2.396568
1.643344 -0.857740 1.461283 -5.913460 -0.437639 2.381977
1.642400 -0.858801 1.466735 -5.905721 -0.435750 2.367260
1.641445 -0.859848 1.472188 -5.897937 -0.433953 2.352407
1.640483 -0.860841 1.477662 -5.890066 -0.432253 2.337403
1.639546 -0.861822 1.483127 -5.882108 -0.430605 2.322302
1.638616 -0.862773 1.488602 -5.874071 -0.429029 2.307082
1.637709 -0.863731 1.494065 -5.865923 -0.427515 2.291798
1.636797 -0.864622 1.499564 -5.857733 -0.426094 2.276345
1.635894 -0.865484 1.505076 -5.849477 -0.424753 2.260782
1.635017 -0.866303 1.510611 -5.841165 -0.423475 2.245122
1.634132 -0.867110 1.516154 -5.832784 -0.422294 2.229351
1.633256 -0.867891 1.521714 -5.824348 -0.421197 2.213482
1.632383 -0.868643 1.527302 -5.815876 -0.420219 2.197503
1.631525 -0.869374 1.532898 -5.807345 -0.419288 2.181452
1.630677 -0.870081 1.538516 -5.798774 -0.418442 2.165317
1.629827 -0.870759 1.544150 -5.790171 -0.417654 2.149042
1.628999 -0.871421 1.549810 -5.781535 -0.416980 2.132754
1.628181 -0.872063 1.555491 -5.772871 -0.416395 2.116398
1.627373 -0.872689 1.561186 -5.764239 -0.415913 2.100023
1.626575 -0.873292 1.566915 -5.755543 -0.415505 2.083548
1.625787 -0.873877 1.572669 -5.746841 -0.415187 2.067022
1.625006 -0.874454 1.578458 -5.738108 -0.414971 2.050494
1.624239 -0.875007 1.584265 -5.729407 -0.414832 2.033885
1.623483 -0.875546 1.590094 -5.720714 -0.414784 2.017244
1.622740 -0.876067 1.595948 -5.712030 -0.414830 2.000571
1.622015 -0.876563 1.601860 -5.703380 -0.414955 1.983810
1.621292 -0.877059 1.607766 -5.694744 -0.415185 1.967105
1.620581 -0.877546 1.613698 -5.686138 -0.415508 1.950395
1.619905 -0.878013 1.619623 -5.677539 -0.415910 1.933706
1.619217 -0.878479 1.625606 -5.669008 -0.416420 1.916995
1.618541 -0.878936 1.631614 -5.660525 -0.417023 1.900297
1.617843 -0.879425 1.637640 -5.652171 -0.417759 1.883663
1.617190 -0.879868 1.643699 -5.643798 -0.418546 1.867007
1.616551 -0.880305 1.649779 -5.635487 -0.419428 1.850384
1.615941 -0.880706 1.655891 -5.627181 -0.420350 1.833730
1.615327 -0.881131 1.662016 -5.619005 -0.421418 1.817181
1.614725 -0.881550 1.668161 -5.610904 -0.422577 1.800680
1.614131 -0.881982 1.674332 -5.602881 -0.423846 1.784221
1.613555 -0.882394 1.680517 -5.594944 -0.425190 1.767831
1.612992 -0.882804 1.686720 -5.587096 -0.426628 1.751508
1.612439 -0.883218 1.692944 -5.579364 -0.428157 1.735338
1.611902 -0.883624 1.699180 -5.571702 -0.429773 1.719159
1.611380 -0.884026 1.705430 -5.564140 -0.431483 1.703057
1.610879 -0.884421 1.711668 -5.556630 -0.433273 1.687023
1.610387 -0.884819 1.717943 -5.549271 -0.435162 1.671090
1.609907 -0.885218 1.724231 -5.542023 -0.437140 1.655254
1.609434 -0.885625 1.730554 -5.534918 -0.439201 1.639517
1.608983 -0.886022 1.736859 -5.527894 -0.441354 1.623878
1.608570 -0.886388 1.743155 -5.520965 -0.443566 1.608276
1.608149 -0.886783 1.749472 -5.514173 -0.445892 1.592845
1.607744 -0.887176 1.755793 -5.507502 -0.448303 1.577527
1.607319 -0.887574 1.762125 -5.500975 -0.450850 1.562349
1.606945 -0.887965 1.768449 -5.494549 -0.453429 1.547261
1.606586 -0.888356 1.774776 -5.488247 -0.456092 1.532292
1.606239 -0.888742 1.781085 -5.482073 -0.458815 1.517434
1.605913 -0.889129 1.787406 -5.476022 -0.461641 1.502708
1.605603 -0.889516 1.793722 -5.470096 -0.464548 1.488107
1.605324 -0.889910 1.800044 -5.464257 -0.467516 1.473642
1.605047 -0.890294 1.806348 -5.458588 -0.470579 1.459296
1.604787 -0.890674 1.812644 -5.453049 -0.473721 1.445078
1.604535 -0.891029 1.818940 -5.447693 -0.476960 1.430996
1.604310 -0.891403 1.825216 -5.442412 -0.480254 1.417039
1.604102 -0.891775 1.831478 -5.437259 -0.483623 1.403215
1.603915 -0.892167 1.837729 -5.432192 -0.487062 1.389507
1.603745 -0.892531 1.843965 -5.427293 -0.490579 1.375943
1.603592 -0.892890 1.850185 -5.422527 -0.494170 1.362516
1.603483 -0.893222 1.856371 -5.417881 -0.497807 1.349187
1.603367 -0.893571 1.862557 -5.413370 -0.501538 1.336025
1.603270 -0.893917 1.868725 -5.408984 -0.505340 1.322995
1.603197 -0.894268 1.874883 -5.404760 -0.509243 1.310144
1.603139 -0.894601 1.881011 -5.400623 -0.513182 1.297377
1.603100 -0.894927 1.887117 -5.396613 -0.517187 1.284743
1.603063 -0.895228 1.893186 -5.392800 -0.521288 1.272286
1.603064 -0.895539 1.899249 -5.389037 -0.525425 1.259913
1.603085 -0.895843 1.905285 -5.385391 -0.529628 1.247666
1.603139 -0.896174 1.911307 -5.381793 -0.533861 1.235525
1.603202 -0.896461 1.917292 -5.378385 -0.538192 1.223533
1.603286 -0.896738 1.923252 -5.375097 -0.542583 1.211666
1.603360 -0.896993 1.929198 -5.371939 -0.547044 1.199925
1.628985 -0.847181 1.917584 -5.371619 -0.556758 1.154695
1.675163 -0.808796 1.366590 -6.096464 -0.492142 2.671296
1.667511 -0.823021 1.334810 -6.060039 -0.497828 2.682186
1.666368 -0.824940 1.340446 -6.054993 -0.494618 2.670694
1.665253 -0.826819 1.346071 -6.049815 -0.491462 2.659058
1.664164 -0.828635 1.351699 -6.044546 -0.488370 2.647282
1.663060 -0.830439 1.357287 -6.039121 -0.485307 2.635368
1.661963 -0.832208 1.362859 -6.033570 -0.482295 2.623311
1.660850 -0.833982 1.368407 -6.027878 -0.479353 2.611111
1.659765 -0.835674 1.373944 -6.022080 -0.476441 2.598771
1.658695 -0.837313 1.379475 -6.016165 -0.473515 2.586278
1.657623 -0.838931 1.384983 -6.010122 -0.470707 2.573651
1.656558 -0.840510 1.390480 -6.003960 -0.467952 2.560883
1.655523 -0.842039 1.395972 -5.997697 -0.465281 2.548014
1.654471 -0.843544 1.401446 -5.991297 -0.462638 2.534960
1.653426 -0.845013 1.406911 -5.984776 -0.460053 2.521760
1.652393 -0.846455 1.412357 -5.978103 -0.457538 2.508415
1.651362 -0.847852 1.417809 -5.971353 -0.455073 2.494931
1.650338 -0.849210 1.423253 -5.964488 -0.452669 2.481303
1.649324 -0.850523 1.428666 -5.957477 -0.450308 2.467508
1.648315 -0.851808 1.434102 -5.950392 -0.448028 2.453599
1.647313 -0.853059 1.439536 -5.943196 -0.445814 2.439549
1.646296 -0.854297 1.445005 -5.935926 -0.443713 2.425336
1.645310 -0.855478 1.450439 -5.928524 -0.441635 2.411012
1.644347 -0.856614 1.455882 -5.921069 -0.439597 2.396578
1.643376 -0.857727 1.461321 -5.913470 -0.437655 2.381988
1.642413 -0.858804 1.466764 -5.905775 -0.435784 2.367264
1.641448 -0.859827 1.472200 -5.897961 -0.433978 2.352413
1.640503 -0.860840 1.477656 -5.890084 -0.432250 2.337432
1.639577 -0.861842 1.483129 -5.882166 -0.430624 2.322327
1.638647 -0.862793 1.488604 -5.874130 -0.429048 2.307108
1.637727 -0.863713 1.494091 -5.866016 -0.427550 2.291771
1.636822 -0.864602 1.499587 -5.857811 -0.426058 2.276313
1.635919 -0.865463 1.505099 -5.849554 -0.424718 2.260749
1.635025 -0.866297 1.510626 -5.841233 -0.423457 2.245080
1.634153 -0.867109 1.516153 -5.832813 -0.422308 2.229334
1.633277 -0.867891 1.521712 -5.824377 -0.421211 2.213466
1.632410 -0.868647 1.527292 -5.815894 -0.420196 2.197503
1.631533 -0.869372 1.532890 -5.807340 -0.419268 2.181432
1.630685 -0.870079 1.538508 -5.798768 -0.418422 2.165296
1.629828 -0.870757 1.544122 -5.790145 -0.417631 2.149017
1.629000 -0.871419 1.549782 -5.781508 -0.416956 2.132728
1.628182 -0.872061 1.555464 -5.772844 -0.416372 2.116371
1.627363 -0.872702 1.561192 -5.764186 -0.415906 2.099995
1.626565 -0.873306 1.566921 -5.755490 -0.415499 2.083519
1.625777 -0.873890 1.572675 -5.746788 -0.415180 2.066993
1.624997 -0.874436 1.578459 -5.738144 -0.414955 2.050484
1.624230 -0.874988 1.584265 -5.729442 -0.414816 2.033875
1.623474 -0.875527 1.590095 -5.720749 -0.414768 2.017234
1.622753 -0.876055 1.595941 -5.712060 -0.414816 2.000517
1.622019 -0.876566 1.601822 -5.703398 -0.414951 1.983827
1.621297 -0.877062 1.607729 -5.694761 -0.415182 1.967122
1.620586 -0.877549 1.613661 -5.686156 -0.415505 1.950412
1.619899 -0.877999 1.619638 -5.677558 -0.415926 1.933644
1.619212 -0.878466 1.625620 -5.669027 -0.416436 1.916934
1.618536 -0.878922 1.631628 -5.660545 -0.417039 1.900237
1.617854 -0.879405 1.637649 -5.652110 -0.417718 1.883620
1.617202 -0.879847 1.643708 -5.643735 -0.418506 1.866964
1.616562 -0.880284 1.649787 -5.635423 -0.419388 1.850339
1.615963 -0.880703 1.655886 -5.627091 -0.420324 1.833646
1.615349 -0.881128 1.662010 -5.618914 -0.421392 1.817096
1.614747 -0.881548 1.668156 -5.610813 -0.422551 1.800594
1.614137 -0.881977 1.674324 -5.602929 -0.423868 1.784307
1.613561 -0.882389 1.680509 -5.594993 -0.425212 1.767919
1.612998 -0.882799 1.686711 -5.587144 -0.426649 1.751596
1.612433 -0.883191 1.692942 -5.579380 -0.428163 1.735350
1.611897 -0.883596 1.699179 -5.571719 -0.429779 1.719171
1.611375 -0.883998 1.705429 -5.564156 -0.431488 1.703069
1.610895 -0.884370 1.711689 -5.556619 -0.433250 1.686928
1.610403 -0.884768 1.717964 -5.549260 -0.435139 1.670995
1.609923 -0.885167 1.724252 -5.542012 -0.437117 1.655158
1.609426 -0.885603 1.730543 -5.534890 -0.439208 1.639480
1.608975 -0.886000 1.736848 -5.527866 -0.441361 1.623841
1.608534 -0.886410 1.743170 -5.520986 -0.443617 1.608306
1.608114 -0.886805 1.749488 -5.514195 -0.445943 1.592877
1.607708 -0.887198 1.755809 -5.507524 -0.448354 1.577560
1.607349 -0.887558 1.762126 -5.500956 -0.450832 1.562335
1.606975 -0.887948 1.768451 -5.494530 -0.453411 1.547247
1.606616 -0.888339 1.774777 -5.488228 -0.456075 1.532278
1.606273 -0.888752 1.781096 -5.482060 -0.458841 1.517459
1.605946 -0.889139 1.787416 -5.476009 -0.461666 1.502733
1.605636 -0.889527 1.793732 -5.470084 -0.464573 1.488132
1.605333 -0.889900 1.800031 -5.464282 -0.467527 1.473602
1.605056 -0.890283 1.806334 -5.458613 -0.470590 1.459257
1.604797 -0.890663 1.812630 -5.453075 -0.473732 1.445039
1.604571 -0.891040 1.818928 -5.447697 -0.476980 1.430985
1.604346 -0.891413 1.825204 -5.442416 -0.480274 1.417029
1.604106 -0.891783 1.831454 -5.437239 -0.483618 1.403177
1.603916 -0.892152 1.837706 -5.432218 -0.487063 1.389485
1.603746 -0.892516 1.843942 -5.427319 -0.490580 1.375921
1.603600 -0.892877 1.850160 -5.422532 -0.494165 1.362552
1.603465 -0.893233 1.856364 -5.417892 -0.497826 1.349257
1.603349 -0.893582 1.862550 -5.413380 -0.501558 1.336096
1.603270 -0.893930 1.868737 -5.408956 -0.505349 1.322972
1.603192 -0.894269 1.874886 -5.404698 -0.509219 1.310077
1.603134 -0.894602 1.881013 -5.400562 -0.513159 1.297310
1.603077 -0.894953 1.887099 -5.396573 -0.517174 1.284769
1.603058 -0.895273 1.893183 -5.392684 -0.521247 1.272264
1.603033 -0.895565 1.899274 -5.388985 -0.525411 1.259954
1.603083 -0.895876 1.905290 -5.385319 -0.529606 1.247655
1.603118 -0.896145 1.911310 -5.381809 -0.533850 1.235526
1.603172 -0.896443 1.917297 -5.378372 -0.538200 1.223544
1.603256 -0.896720 1.923257 -5.375084 -0.542592 1.211678
1.603391 -0.897006 1.929194 -5.371865 -0.547032 1.199875
1.629015 -0.847194 1.917582 -5.371548 -0.556747 1.154647
1.675193 -0.808814 1.366582 -6.096486 -0.492154 2.671310
1.722447 -1.091813 1.638083 -7.022072 -0.252960 3.560954
1.726309 -1.105998 1.601551 -6.974401 -0.249166 3.564068
1.725458 -1.109628 1.607742 -6.976605 -0.243715 3.559608
1.724525 -1.113247 1.613836 -6.978444 -0.238298 3.554786
1.723679 -1.116830 1.619945 -6.980508 -0.232825 3.550173
1.722418 -1.091809 1.638092 -7.022127 -0.252939 3.561014
1.726276 -1.105994 1.601552 -6.974378 -0.249170 3.564090
1.725415 -1.109639 1.607735 -6.976607 -0.243718 3.559618
1.724553 -1.113227 1.613849 -6.978576 -0.238270 3.554920
1.723671 -1.116817 1.619928 -6.980351 -0.232835 3.550021
1.722788 -1.120354 1.625939 -6.982014 -0.227403 3.545022
1.721934 -1.123890 1.631901 -6.983502 -0.221941 3.539961
1.721083 -1.127366 1.637847 -6.984956 -0.216455 3.534768
1.720242 -1.130799 1.643685 -6.985944 -0.211011 3.529251
1.719392 -1.134202 1.649515 -6.986994 -0.205520 3.523732
1.718575 -1.137580 1.655255 -6.987649 -0.200038 3.517932
1.717737 -1.140896 1.660907 -6.988050 -0.194568 3.511862
1.716896 -1.144157 1.666493 -6.988196 -0.189079 3.505577
1.716081 -1.147407 1.672012 -6.988140 -0.183560 3.499098
1.715309 -1.150577 1.677444 -6.987684 -0.178066 3.492300
1.714479 -1.153711 1.682775 -6.986941 -0.172548 3.485250
1.692174 -1.127733 1.627817 -7.039132 -0.253564 3.570799
1.709511 -1.000143 1.456774 -0.630700 -0.286221 3.871893
1.596682 -0.965063 1.930968 -3.043743 0.489490 5.479764
1.624752 -1.288395 1.970628 -2.000071 0.062905 4.767394
1.674286 -0.883423 1.877131 -3.068352 0.404511 5.536974
1.664485 -0.909043 1.855887 -3.041294 0.409328 5.558540
1.663793 -0.914204 1.863236 -3.030444 0.407042 5.542680
1.663109 -0.919398 1.870547 -3.019340 0.404837 5.526638
1.662436 -0.924625 1.877815 -3.007984 0.402713 5.510419
1.661771 -0.929884 1.885039 -2.996378 0.400671 5.494027
1.661117 -0.935178 1.892218 -2.984519 0.398714 5.477462
1.660473 -0.940499 1.899345 -2.972414 0.396840 5.460729
1.659838 -0.945852 1.906422 -2.960063 0.395057 5.443833
1.659214 -0.951233 1.913444 -2.947473 0.393362 5.426779
1.658599 -0.956643 1.920411 -2.934641 0.391758 5.409568
1.657995 -0.962078 1.927318 -2.921577 0.390245 5.392209
1.657401 -0.967540 1.934165 -2.908280 0.388827 5.374703
1.656818 -0.973023 1.940948 -2.894761 0.387504 5.357062
1.656245 -0.978531 1.947667 -2.881018 0.386278 5.339284
1.655683 -0.984057 1.954317 -2.867064 0.385148 5.321380
1.655133 -0.989603 1.960900 -2.852904 0.384121 5.303359
1.654593 -0.995164 1.967409 -2.838544 0.383193 5.285223
1.654065 -1.000741 1.973845 -2.823989 0.382368 5.266982
1.653548 -1.006327 1.980205 -2.809256 0.381643 5.248645
1.653042 -1.011925 1.986489 -2.794345 0.381025 5.230217
1.652549 -1.017529 1.992694 -2.779272 0.380511 5.211712
1.652067 -1.023139 1.998819 -2.764038 0.380105 5.193131
1.651597 -1.028750 2.004864 -2.748662 0.379804 5.174487
1.651139 -1.034361 2.010825 -2.733154 0.379612 5.155791
1.650694 -1.039969 2.016705 -2.717518 0.379528 5.137046
1.650261 -1.045571 2.022502 -2.701775 0.379555 5.118267
1.649842 -1.051167 2.028213 -2.685922 0.379688 5.099457
1.649435 -1.056749 2.033840 -2.669987 0.379936 5.080633
1.649040 -1.062317 2.039383 -2.653979 0.380291 5.061805
1.648658 -1.067869 2.044841 -2.637905 0.380758 5.042976
1.648290 -1.073402 2.050215 -2.621779 0.381336 5.024159
1.647935 -1.078912 2.055505 -2.605616 0.382027 5.005362
1.647593 -1.084398 2.060712 -2.589428 0.382827 4.986597
1.647266 -1.089857 2.065837 -2.573226 0.383738 4.967870
1.646952 -1.095286 2.070881 -2.557024 0.384762 4.949194
1.646652 -1.100684 2.075846 -2.540837 0.385895 4.930573
1.646366 -1.106048 2.080731 -2.524671 0.387138 4.912019
1.646095 -1.111374 2.085539 -2.508544 0.388493 4.893539
1.645838 -1.116662 2.090271 -2.492466 0.389959 4.875144
1.645596 -1.121909 2.094930 -2.476451 0.391530 4.856838
1.645369 -1.127115 2.099516 -2.460504 0.393212 4.838632
1.645157 -1.132276 2.104033 -2.444646 0.395001 4.820531
1.644961 -1.137393 2.108481 -2.428878 0.396899 4.802543
1.644780 -1.142462 2.112865 -2.413218 0.398902 4.784675
1.644614 -1.147483 2.117184 -2.397670 0.401010 4.766933
1.644464 -1.152456 2.121444 -2.382247 0.403222 4.749322
1.644330 -1.157378 2.125644 -2.366960 0.405537 4.731851
1.644214 -1.162249 2.129786 -2.351807 0.407957 4.714515
1.644113 -1.167069 2.133876 -2.336807 0.410475 4.697332
1.644029 -1.171834 2.137913 -2.321967 0.413096 4.680300
1.643961 -1.176549 2.141901 -2.307291 0.415816 4.663425
1.643910 -1.181209 2.145843 -2.292788 0.418632 4.646711
1.643876 -1.185817 2.149740 -2.278457 0.421548 4.630156
1.643860 -1.190370 2.153594 -2.264311 0.424559 4.613767
1.643862 -1.194871 2.157409 -2.250353 0.427663 4.597550
1.643881 -1.199319 2.161189 -2.236585 0.430860 4.581499
1.643918 -1.203713 2.164930 -2.223016 0.434150 4.565624
1.643973 -1.208054 2.168638 -2.209643 0.437530 4.549921
1.644047 -1.212343 2.172315 -2.196474 0.440999 4.534393
1.644139 -1.216578 2.175963 -2.183512 0.444556 4.519042
1.644250 -1.220763 2.179583 -2.170757 0.448201 4.503870
1.644380 -1.224895 2.183178 -2.158213 0.451931 4.488874
1.644530 -1.228979 2.186749 -2.145878 0.455746 4.474056
1.644699 -1.233011 2.190297 -2.133755 0.459644 4.459412
1.644887 -1.236996 2.193826 -2.121846 0.463622 4.444948
1.645095 -1.240930 2.197335 -2.110151 0.467682 4.430660
1.645324 -1.244819 2.200828 -2.098669 0.471822 4.416548
1.645575 -1.248659 2.204302 -2.087397 0.476041 4.402607
1.645844 -1.252454 2.207763 -2.076342 0.480337 4.388844
1.646135 -1.256201 2.211209 -2.065499 0.484707 4.375253
1.646446 -1.259906 2.214643 -2.054867 0.489153 4.361833
1.646779 -1.263566 2.218065 -2.044443 0.493671 4.348581
1.647133 -1.267184 2.221476 -2.034230 0.498263 4.335497
1.647509 -1.270757 2.224878 -2.024225 0.502926 4.322581
1.670836 -0.903111 1.897681 -3.012096 0.383124 5.466112
1.660744 -0.929179 1.877176 -2.987840 0.387585 5.490195
1.660154 -0.934586 1.884408 -2.975326 0.385621 5.472982
1.659574 -0.940026 1.891587 -2.962543 0.383749 5.455585
1.659005 -0.945499 1.898710 -2.949497 0.381969 5.438012
1.658446 -0.951000 1.905775 -2.936192 0.380282 5.420268
1.657897 -0.956533 1.912780 -2.922627 0.378692 5.402356
1.657361 -0.962091 1.919719 -2.908813 0.377195 5.384284
1.656834 -0.967676 1.926592 -2.894751 0.375801 5.366057
1.656318 -0.973283 1.933395 -2.880454 0.374507 5.347686
1.655813 -0.978913 1.940127 -2.865919 0.373315 5.329171
1.655319 -0.984562 1.946785 -2.851163 0.372225 5.310526
1.654837 -0.990230 1.953367 -2.836184 0.371240 5.291753
1.654367 -0.995911 1.959870 -2.821000 0.370362 5.272866
1.653908 -1.001607 1.966293 -2.805611 0.369592 5.253868
1.653460 -1.007311 1.972633 -2.790034 0.368929 5.234771
1.653025 -1.013025 1.978891 -2.774278 0.368378 5.215586
1.652602 -1.018741 1.985062 -2.758352 0.367937 5.196318
1.652191 -1.024460 1.991145 -2.742266 0.367609 5.176980
1.651793 -1.030176 1.997140 -2.726039 0.367391 5.157583
1.651407 -1.035889 2.003046 -2.709675 0.367288 5.138134
1.651034 -1.041593 2.008862 -2.693194 0.367300 5.118649
1.650674 -1.047289 2.014587 -2.676602 0.367428 5.099131
1.650326 -1.052969 2.020222 -2.659919 0.367669 5.079596
1.649992 -1.058633 2.025765 -2.643158 0.368027 5.060056
1.649672 -1.064277 2.031217 -2.626327 0.368501 5.040516
1.649365 -1.069899 2.036581 -2.609450 0.369093 5.020991
1.649073 -1.075496 2.041852 -2.592526 0.369797 5.001487
1.648793 -1.081063 2.047035 -2.575586 0.370623 4.982020
1.648527 -1.086599 2.052129 -2.558641 0.371561 4.962604
1.648276 -1.092100 2.057137 -2.541699 0.372617 4.943239
1.648039 -1.097566 2.062059 -2.524775 0.373788 4.923942
1.647816 -1.102991 2.066897 -2.507887 0.375076 4.904719
1.647609 -1.108375 2.071653 -2.491049 0.376478 4.885583
1.647415 -1.113715 2.076329 -2.474269 0.377993 4.866540
1.647238 -1.119010 2.080925 -2.457564 0.379623 4.847601
1.647075 -1.124257 2.085449 -2.440948 0.381366 4.828772
1.646927 -1.129455 2.089897 -2.424429 0.383220 4.810064
1.646795 -1.134600 2.094274 -2.408021 0.385187 4.791481
1.646680 -1.139694 2.098581 -2.391736 0.387266 4.773036
1.646579 -1.144733 2.102824 -2.375586 0.389451 4.754729
1.646495 -1.149719 2.107002 -2.359576 0.391746 4.736572
1.646428 -1.154647 2.111121 -2.343723 0.394147 4.718568
1.646377 -1.159520 2.115180 -2.328029 0.396657 4.700723
1.646342 -1.164335 2.119185 -2.312510 0.399270 4.683043
1.646325 -1.169093 2.123137 -2.297166 0.401987 4.665532
1.646324 -1.173794 2.127041 -2.282010 0.404805 4.648192
1.646341 -1.178436 2.130897 -2.267050 0.407725 4.631033
1.646377 -1.183019 2.134706 -2.252280 0.410746 4.614046
1.646429 -1.187545 2.138475 -2.237720 0.413863 4.597248
1.646499 -1.192011 2.142205 -2.223372 0.417079 4.580635
1.646587 -1.196421 2.145897 -2.209238 0.420391 4.564210
1.646693 -1.200773 2.149556 -2.195325 0.423794 4.547977
1.646818 -1.205069 2.153182 -2.181628 0.427293 4.531931
1.646962 -1.209307 2.156778 -2.168158 0.430884 4.516077
1.647124 -1.213491 2.160346 -2.154916 0.434563 4.500418
1.647306 -1.217620 2.163891 -2.141902 0.438331 4.484949
1.647507 -1.221695 2.167410 -2.129120 0.442187 4.469676
1.647727 -1.225715 2.170907 -2.116566 0.446127 4.454594
1.647967 -1.229683 2.174384 -2.104245 0.450153 4.439704
1.648228 -1.233599 2.177843 -2.092159 0.454261 4.425007
1.648508 -1.237465 2.181285 -2.080304 0.458452 4.410501
1.648809 -1.241279 2.184712 -2.068683 0.462722 4.396184
1.649131 -1.245046 2.188125 -2.057291 0.467073 4.382056
1.649473 -1.248763 2.191525 -2.046128 0.471502 4.368111
1.649837 -1.252435 2.194914 -2.035196 0.476005 4.354355
1.650222 -1.256059 2.198292 -2.024491 0.480585 4.340780
1.650629 -1.259640 2.201663 -2.014012 0.485240 4.327386
1.651059 -1.263174 2.205023 -2.003754 0.489968 4.314168
1.651509 -1.266666 2.208376 -1.993721 0.494769 4.301132
1.651982 -1.270115 2.211723 -1.983908 0.499638 4.288268
1.652477 -1.273523 2.215064 -1.974310 0.504578 4.275577
1.652996 -1.276889 2.218399 -1.964926 0.509585 4.263053
1.653537 -1.280217 2.221730 -1.955755 0.514661 4.250697
1.654101 -1.283504 2.225056 -1.946795 0.519802 4.238506
1.654689 -1.286754 2.228379 -1.938039 0.525009 4.226476
1.655300 -1.289965 2.231698 -1.929489 0.530280 4.214605
1.655936 -1.293142 2.235015 -1.921137 0.535617 4.202889
1.656596 -1.296282 2.238328 -1.912983 0.541014 4.191328
1.657280 -1.299386 2.241638 -1.905024 0.546474 4.179916
1.657989 -1.302456 2.244945 -1.897253 0.551995 4.168652
1.658723 -1.305491 2.248250 -1.889673 0.557575 4.157531
1.659482 -1.308495 2.251552 -1.882276 0.563214 4.146554
1.660267 -1.311464 2.254853 -1.875063 0.568912 4.135715
1.661077 -1.314404 2.258150 -1.868025 0.574668 4.125012
1.661914 -1.317309 2.261445 -1.861164 0.580481 4.114442
1.662776 -1.320186 2.264738 -1.854475 0.586348 4.104003
1.663665 -1.323031 2.268030 -1.847957 0.592273 4.093692
1.664583 -1.325847 2.271316 -1.841599 0.598253 4.083503
1.665526 -1.328632 2.274600 -1.835410 0.604288 4.073438
1.666496 -1.331389 2.277881 -1.829377 0.610375 4.063494
1.667493 -1.334115 2.281159 -1.823504 0.616515 4.053666
1.668519 -1.336815 2.284433 -1.817783 0.622707 4.043952
1.669572 -1.339485 2.287703 -1.812217 0.628951 4.034352
1.670654 -1.342129 2.290969 -1.806792 0.635248 4.024857
1.671764 -1.344744 2.294231 -1.801519 0.641594 4.015470
1.672903 -1.347333 2.297488 -1.796384 0.647991 4.006186
1.674071 -1.349895 2.300741 -1.791392 0.654438 3.997005
1.675268 -1.352430 2.303987 -1.786535 0.660934 3.987921
1.676495 -1.354937 2.307229 -1.781816 0.667479 3.978935
1.677751 -1.357419 2.310463 -1.777224 0.674072 3.970043
1.679038 -1.359874 2.313692 -1.772767 0.680714 3.961243
1.680355 -1.362304 2.316913 -1.768433 0.687403 3.952533
1.705523 -1.305095 2.310921 -1.797982 0.704885 3.924296
