0.139016 -0.726638 0.368231 0.464232 2.646575 -0.561233
0.138906 -0.726596 0.368125 0.463901 2.646639 -0.561289
0.138809 -0.726564 0.368005 0.463548 2.646767 -0.561345
0.138702 -0.726530 0.367901 0.463192 2.646865 -0.561428
0.137972 -0.725475 0.367649 0.466893 2.638952 -0.570246
0.137001 -0.724462 0.367248 0.468501 2.628549 -0.578354
0.136898 -0.724422 0.367148 0.468086 2.628678 -0.578460
0.136006 -0.723625 0.366731 0.468209 2.619224 -0.584495
0.135402 -0.723067 0.366430 0.468333 2.613169 -0.588702
0.135300 -0.723026 0.366336 0.467886 2.613267 -0.588802
0.134099 -0.721673 0.365808 0.469931 2.599497 -0.599531
0.134001 -0.721626 0.365716 0.469431 2.599643 -0.599660
0.133899 -0.721581 0.365628 0.468903 2.599811 -0.599836
0.133056 -0.720549 0.365244 0.470698 2.590294 -0.608030
0.132960 -0.720497 0.365156 0.470151 2.590463 -0.608177
0.132244 -0.719993 0.364757 0.468677 2.583151 -0.611637
0.132152 -0.719936 0.364680 0.468122 2.583370 -0.611779
0.131203 -0.718453 0.364271 0.472266 2.571746 -0.623932
0.131109 -0.718397 0.364188 0.471673 2.571930 -0.624097
0.131016 -0.718339 0.364107 0.471065 2.572115 -0.624261
0.130601 -0.717964 0.363866 0.470368 2.568166 -0.626804
0.130510 -0.717904 0.363786 0.469736 2.568365 -0.626980
0.129898 -0.717452 0.363432 0.468337 2.562194 -0.630049
0.129807 -0.717391 0.363354 0.467685 2.562394 -0.630231
0.129725 -0.717327 0.363265 0.467066 2.562591 -0.630386
0.129635 -0.717264 0.363189 0.466390 2.562791 -0.630576
0.129143 -0.717276 0.362847 0.462312 2.558751 -0.629539
0.129055 -0.717211 0.362773 0.461616 2.558962 -0.629736
0.128953 -0.717151 0.362705 0.460945 2.559183 -0.629961
0.128865 -0.717086 0.362632 0.460230 2.559407 -0.630165
0.128864 -0.716213 0.362721 0.466145 2.559108 -0.637858
0.128776 -0.716148 0.362649 0.465423 2.559332 -0.638064
0.128773 -0.716775 0.362542 0.460080 2.561737 -0.632039
0.128550 -0.717353 0.362291 0.453493 2.561590 -0.626173
0.128464 -0.717285 0.362222 0.452737 2.561824 -0.626385
0.128377 -0.717218 0.362153 0.451979 2.562057 -0.626602
0.128291 -0.717150 0.362084 0.451213 2.562282 -0.626817
0.128206 -0.717082 0.362016 0.450443 2.562515 -0.627035
0.128130 -0.716861 0.361976 0.450909 2.562619 -0.628666
0.128075 -0.716341 0.361994 0.453721 2.562375 -0.632918
0.127933 -0.716145 0.361908 0.453545 2.561788 -0.634231
0.127846 -0.716077 0.361841 0.452775 2.562015 -0.634447
0.127761 -0.716009 0.361774 0.452005 2.562248 -0.634665
0.127706 -0.716154 0.361698 0.449821 2.563194 -0.632983
0.127743 -0.716448 0.361659 0.447102 2.565371 -0.630048
0.127542 -0.716219 0.361543 0.446786 2.564093 -0.631590
0.127454 -0.716164 0.361464 0.445958 2.564284 -0.631831
0.127047 -0.715821 0.361233 0.445131 2.560565 -0.634153
0.126959 -0.715754 0.361166 0.444373 2.560796 -0.634370
0.126779 -0.715769 0.361029 0.442359 2.560153 -0.633729
0.126691 -0.715703 0.360962 0.441609 2.560381 -0.633939
0.126201 -0.715387 0.360674 0.440051 2.555801 -0.635910
0.126111 -0.715322 0.360607 0.439319 2.556020 -0.636118
0.125634 -0.715169 0.360303 0.436645 2.551845 -0.636654
0.125197 -0.715037 0.360042 0.434172 2.548302 -0.637070
0.124639 -0.713965 0.359803 0.438031 2.541728 -0.645834
0.124546 -0.713903 0.359733 0.437352 2.541937 -0.646034
0.124433 -0.714216 0.359603 0.433676 2.542530 -0.642817
0.123703 -0.713402 0.359212 0.434429 2.534478 -0.649042
0.123608 -0.713342 0.359140 0.433792 2.534671 -0.649233
0.123460 -0.713445 0.359015 0.431581 2.534558 -0.647893
0.123362 -0.713386 0.358942 0.430970 2.534746 -0.648079
0.123263 -0.713329 0.358869 0.430370 2.534921 -0.648253
0.123164 -0.713272 0.358795 0.429787 2.535104 -0.648431
0.122390 -0.712492 0.358340 0.430115 2.526469 -0.654316
0.122287 -0.712438 0.358263 0.429574 2.526630 -0.654478
0.122184 -0.712386 0.358186 0.429050 2.526788 -0.654641
0.122079 -0.712334 0.358108 0.428546 2.526935 -0.654788
0.121218 -0.712040 0.357551 0.424767 2.518260 -0.656245
0.120312 -0.710797 0.357060 0.427845 2.507437 -0.666157
0.119964 -0.710227 0.356868 0.429676 2.503970 -0.670682
0.119853 -0.710180 0.356786 0.429274 2.504092 -0.670808
0.119740 -0.710136 0.356701 0.428897 2.504205 -0.670925
0.119627 -0.710093 0.356616 0.428543 2.504314 -0.671040
0.119511 -0.710051 0.356528 0.428212 2.504414 -0.671144
0.118514 -0.709175 0.355911 0.428060 2.493113 -0.677692
0.118396 -0.709137 0.355821 0.427783 2.493200 -0.677783
0.118275 -0.709100 0.355729 0.427530 2.493276 -0.677866
0.118154 -0.709065 0.355637 0.427298 2.493346 -0.677938
0.118032 -0.709031 0.355543 0.427087 2.493414 -0.678009
0.116639 -0.707593 0.354665 0.428332 2.476416 -0.689128
0.116513 -0.707561 0.354568 0.428168 2.476467 -0.689182
0.116387 -0.707531 0.354471 0.428024 2.476517 -0.689232
0.116259 -0.707501 0.354373 0.427891 2.476553 -0.689275
0.115199 -0.707132 0.353629 0.423796 2.465353 -0.691364
0.115070 -0.707105 0.353528 0.423696 2.465380 -0.691398
0.114722 -0.706404 0.353318 0.426941 2.461594 -0.697117
0.114590 -0.706378 0.353216 0.426871 2.461618 -0.697146
0.114459 -0.706353 0.353113 0.426811 2.461630 -0.697164
0.113800 -0.705244 0.352692 0.430825 2.453422 -0.706140
0.113666 -0.705220 0.352589 0.430792 2.453437 -0.706152
0.112968 -0.704885 0.352084 0.428998 2.446323 -0.708336
0.112834 -0.704862 0.351978 0.428979 2.446330 -0.708344
0.112700 -0.704838 0.351874 0.428965 2.446333 -0.708352
0.112720 -0.704904 0.351880 0.429426 2.448299 -0.707742
0.112586 -0.704882 0.351774 0.429418 2.448304 -0.707743
0.112262 -0.704278 0.351576 0.432331 2.445052 -0.712629
0.112010 -0.704133 0.351390 0.432367 2.443451 -0.713585
0.111993 -0.704567 0.351349 0.429967 2.445777 -0.709749
0.111638 -0.703846 0.351113 0.433360 2.441748 -0.715603
0.111338 -0.703793 0.350885 0.432393 2.439790 -0.715717
0.111204 -0.703771 0.350780 0.432383 2.439791 -0.715718
0.110873 -0.703128 0.350553 0.435334 2.436158 -0.720901
0.110810 -0.703247 0.350495 0.434824 2.437290 -0.719747
0.110662 -0.703160 0.350382 0.435135 2.436980 -0.720291
0.110529 -0.703136 0.350279 0.435100 2.436993 -0.720303
0.110398 -0.703110 0.350175 0.435055 2.437005 -0.720317
0.110282 -0.703020 0.350086 0.435560 2.437037 -0.720909
0.109895 -0.702558 0.349807 0.436754 2.433143 -0.724456
0.109766 -0.702531 0.349706 0.436675 2.433169 -0.724483
0.109639 -0.702503 0.349607 0.436582 2.433200 -0.724518
0.109290 -0.702512 0.349339 0.434622 2.430772 -0.724041
0.109180 -0.702476 0.349232 0.434474 2.430818 -0.724054
0.108916 -0.702277 0.349035 0.434532 2.428872 -0.725430
0.108474 -0.701485 0.348718 0.437467 2.423512 -0.731726
0.108350 -0.701454 0.348621 0.437311 2.423565 -0.731785
0.108227 -0.701421 0.348526 0.437143 2.423623 -0.731845
0.107756 -0.701235 0.348165 0.435513 2.419295 -0.732917
0.107635 -0.701202 0.348069 0.435323 2.419357 -0.732986
0.107419 -0.700920 0.347906 0.436183 2.417732 -0.735098
0.107299 -0.700886 0.347811 0.435979 2.417800 -0.735175
0.107180 -0.700853 0.347716 0.435764 2.417869 -0.735253
0.106594 -0.700668 0.347261 0.433225 2.412166 -0.736230
0.106475 -0.700634 0.347165 0.433001 2.412244 -0.736314
0.105948 -0.701118 0.346735 0.426171 2.408720 -0.731656
0.105833 -0.701085 0.346639 0.425929 2.408796 -0.731746
0.105716 -0.701052 0.346543 0.425687 2.408872 -0.731834
0.105333 -0.700400 0.346251 0.427899 2.404440 -0.736980
0.104431 -0.700650 0.345519 0.420054 2.395906 -0.734070
0.104093 -0.700967 0.345236 0.415825 2.394126 -0.731021
0.103978 -0.700937 0.345137 0.415575 2.394202 -0.731114
0.103131 -0.701192 0.344433 0.408206 2.386189 -0.728268
0.103017 -0.701164 0.344332 0.407959 2.386270 -0.728363
0.102902 -0.701135 0.344228 0.407714 2.386343 -0.728456
0.102787 -0.701107 0.344125 0.407476 2.386421 -0.728550
0.102673 -0.701081 0.344020 0.407240 2.386493 -0.728640
0.101856 -0.700872 0.343339 0.403411 2.377759 -0.729827
0.101740 -0.700847 0.343230 0.403190 2.377826 -0.729913
0.100956 -0.701301 0.342544 0.395060 2.370762 -0.725547
0.100841 -0.701280 0.342432 0.394854 2.370826 -0.725628
0.100724 -0.701262 0.342317 0.394657 2.370885 -0.725706
0.100202 -0.701770 0.341837 0.388060 2.367004 -0.721092
0.100085 -0.701754 0.341720 0.387882 2.367058 -0.721161
0.099394 -0.701811 0.341105 0.383345 2.360200 -0.720300
0.098549 -0.701980 0.340343 0.377079 2.351589 -0.718455
0.098431 -0.701970 0.340218 0.376944 2.351630 -0.718510
0.097821 -0.702517 0.339641 0.369886 2.346567 -0.713677
0.097703 -0.702511 0.339511 0.369776 2.346597 -0.713720
0.097661 -0.703370 0.339401 0.364292 2.349035 -0.706496
0.097542 -0.703366 0.339268 0.364203 2.349063 -0.706532
0.097422 -0.703364 0.339134 0.364127 2.349083 -0.706561
0.097339 -0.703938 0.338995 0.360349 2.350471 -0.701738
0.097218 -0.703937 0.338859 0.360291 2.350483 -0.701761
0.097582 -0.705647 0.339022 0.351480 2.359043 -0.687519
0.097461 -0.705648 0.338885 0.351434 2.359053 -0.687538
0.097339 -0.705649 0.338748 0.351398 2.359065 -0.687553
0.097218 -0.705650 0.338611 0.351368 2.359072 -0.687565
0.097096 -0.705651 0.338475 0.351344 2.359082 -0.687576
0.096973 -0.705651 0.338340 0.351324 2.359084 -0.687584
0.098155 -0.706138 0.339288 0.356105 2.375973 -0.684131
0.099320 -0.706984 0.340157 0.358101 2.392894 -0.677684
0.098955 -0.707275 0.339796 0.354418 2.390285 -0.675052
0.100445 -0.707943 0.340934 0.359497 2.410746 -0.670422
0.100321 -0.707941 0.340807 0.359479 2.410751 -0.670429
0.101506 -0.709219 0.341580 0.357898 2.427958 -0.660359
0.101383 -0.709214 0.341458 0.357868 2.427964 -0.660369
0.103837 -0.710693 0.343123 0.362206 2.460087 -0.649552
0.103715 -0.710686 0.343008 0.362157 2.460099 -0.649567
0.103591 -0.710676 0.342896 0.362101 2.460113 -0.649587
0.107187 -0.710698 0.345441 0.385521 2.503230 -0.652660
0.111491 -0.712557 0.347995 0.398217 2.555029 -0.641026
0.111370 -0.712541 0.347895 0.398116 2.555063 -0.641056
0.114550 -0.714428 0.349522 0.402361 2.593292 -0.628199
0.114430 -0.714406 0.349433 0.402210 2.593329 -0.628237
0.118380 -0.714841 0.351560 0.425916 2.637702 -0.629611
0.118262 -0.714814 0.351481 0.425720 2.637759 -0.629662
0.118144 -0.714784 0.351406 0.425504 2.637836 -0.629717
0.124061 -0.716288 0.354121 0.453744 2.702863 -0.625045
0.123956 -0.716250 0.354044 0.453460 2.702977 -0.625064
0.123842 -0.716211 0.353987 0.453137 2.703068 -0.625133
0.123730 -0.716168 0.353937 0.452779 2.703185 -0.625207
0.123618 -0.716122 0.353894 0.452387 2.703294 -0.625291
0.128979 -0.716525 0.356186 0.491569 2.759818 -0.630777
0.134112 -0.715750 0.358287 0.549713 2.810716 -0.648095
0.134000 -0.715694 0.358259 0.549286 2.810867 -0.648165
0.133889 -0.715635 0.358237 0.548833 2.811035 -0.648230
0.140012 -0.717464 0.359953 0.586587 2.874387 -0.644414
0.137896 -0.714148 0.359837 0.613694 2.848786 -0.670639
0.137781 -0.714079 0.359829 0.613272 2.848973 -0.670684
0.143669 -0.716001 0.361253 0.655085 2.909070 -0.666805
0.143557 -0.715928 0.361251 0.654570 2.909184 -0.666816
0.143445 -0.715853 0.361254 0.654058 2.909395 -0.666866
0.146099 -0.713043 0.362352 0.743952 2.925128 -0.700527
0.148035 -0.709238 0.363274 0.811807 2.788266 -0.706476
0.147876 -0.709137 0.363295 0.806430 2.768721 -0.701089
0.147285 -0.703307 0.363671 -0.932094 -2.818771 0.770905
0.147109 -0.703185 0.363678 -0.925459 -2.795914 0.764730
0.146932 -0.703059 0.363688 -0.912811 -2.755130 0.753859
0.149691 -0.702835 0.364318 -1.000747 -2.824765 0.777333
0.149954 -0.696958 0.364603 -1.118735 -2.749823 0.813769
0.149723 -0.696771 0.364609 -1.120961 -2.749002 0.813888
0.150258 -0.692057 0.364712 -1.223122 -2.678453 0.838066
0.149515 -0.682589 0.363987 -1.377348 -2.586536 0.897408
0.149215 -0.682272 0.363962 -1.382276 -2.584902 0.897871
0.148913 -0.681949 0.363936 -1.387295 -2.583202 0.898345
0.147730 -0.674974 0.362801 -1.475364 -2.537993 0.947320
0.147416 -0.674608 0.362754 -1.481262 -2.536070 0.947918
0.147272 -0.669626 0.361854 -1.556267 -2.486724 0.976845
0.146951 -0.669214 0.361785 -1.562901 -2.484234 0.977481
0.146628 -0.668796 0.361713 -1.569521 -2.481457 0.978062
0.146308 -0.668373 0.361606 -1.576709 -2.479418 0.978909
0.145982 -0.667944 0.361528 -1.583147 -2.475913 0.979245
0.144781 -0.668818 0.361542 -1.550041 -2.509297 0.980142
0.144457 -0.668412 0.361468 -1.556861 -2.507296 0.980874
0.142630 -0.665504 0.360456 -1.497227 -2.420635 0.972288
0.142315 -0.665118 0.360377 -1.422546 -2.289081 0.920243
0.141826 -0.662591 0.359699 1.554260 2.437982 -1.002590
0.140887 -0.659192 0.358591 1.601726 2.458828 -1.043656
0.140304 -0.664422 0.359966 1.535260 2.513058 -1.008967
0.139993 -0.664056 0.359880 1.541378 2.511148 -1.009585
0.139682 -0.663688 0.359790 1.549444 2.512287 -1.011344
0.138390 -0.666568 0.360222 1.482973 2.553122 -0.995783
0.138086 -0.666237 0.360141 1.485936 2.547065 -0.994487
0.137783 -0.665907 0.360058 1.489852 2.542720 -0.993797
0.137479 -0.665577 0.359970 1.494675 2.539791 -0.993711
0.137176 -0.665249 0.359877 1.499637 2.537166 -0.993668
0.136447 -0.670945 0.360960 1.405037 2.600831 -0.960636
0.134776 -0.667220 0.359786 1.413597 2.564285 -0.980978
0.134488 -0.666941 0.359698 1.417235 2.561163 -0.980506
0.134200 -0.666664 0.359608 1.420911 2.558139 -0.980097
0.132929 -0.669639 0.359896 1.347278 2.591749 -0.962763
0.131884 -0.663560 0.358269 1.406223 2.527769 -0.995125
0.131605 -0.663300 0.358166 1.409595 2.524803 -0.994604
0.130731 -0.665607 0.358488 1.361449 2.550016 -0.980663
0.130813 -0.672818 0.359979 1.265000 2.623641 -0.938591
0.129945 -0.670229 0.359279 1.287303 2.597276 -0.951776
0.129682 -0.670020 0.359190 1.290093 2.595224 -0.951412
0.130075 -0.684198 0.361137 1.058525 2.724152 -0.866125
0.129859 -0.684061 0.361080 1.060030 2.723220 -0.865951
0.128130 -0.676974 0.359855 1.151557 2.658742 -0.907200
0.127893 -0.676813 0.359777 1.153617 2.657475 -0.906964
0.127968 -0.681260 0.360299 1.079548 2.695787 -0.879161
0.127301 -0.678130 0.359776 1.125180 2.668374 -0.896723
0.127071 -0.677980 0.359697 1.127106 2.667288 -0.896528
0.126376 -0.679467 0.359636 1.086480 2.677619 -0.886228
0.126109 -0.682469 0.359820 1.027733 2.700514 -0.866707
0.125899 -0.682347 0.359748 1.029078 2.699693 -0.866527
0.127210 -0.688825 0.360506 0.932026 2.752806 -0.825670
0.127626 -0.692980 0.360650 0.854253 2.780655 -0.797264
0.127459 -0.692896 0.360592 0.854613 2.780405 -0.797205
0.126137 -0.689681 0.360156 0.898558 2.754871 -0.816985
0.125959 -0.689591 0.360091 0.899200 2.754559 -0.816919
0.125781 -0.689500 0.360026 0.899828 2.754195 -0.816818
0.125602 -0.689410 0.359959 0.900457 2.753798 -0.816723
0.127594 -0.696842 0.360453 0.775818 2.806998 -0.767519
0.125898 -0.691961 0.360043 0.855050 2.772817 -0.799142
0.125731 -0.691881 0.359979 0.855416 2.772588 -0.799091
0.125565 -0.691800 0.359914 0.855839 2.772465 -0.799061
0.126058 -0.693664 0.360029 0.824986 2.786856 -0.786673
0.125900 -0.693589 0.359966 0.825158 2.786629 -0.786618
0.125750 -0.693511 0.359893 0.825363 2.786673 -0.786600
0.125593 -0.693436 0.359829 0.825563 2.786569 -0.786567
0.124579 -0.691224 0.359521 0.858423 2.769452 -0.799716
0.125724 -0.694418 0.359812 0.807764 2.795025 -0.779429
0.125572 -0.694347 0.359750 0.807850 2.794945 -0.779416
0.125419 -0.694275 0.359689 0.807965 2.794961 -0.779412
0.127044 -0.698470 0.359957 0.735214 2.826229 -0.752115
0.125307 -0.694554 0.359613 0.801512 2.798225 -0.776788
0.123183 -0.688920 0.358994 0.896603 2.755458 -0.810370
0.123004 -0.688829 0.358924 0.897286 2.755122 -0.810281
0.122823 -0.688739 0.358854 0.897980 2.754771 -0.810195
0.122643 -0.688647 0.358787 0.898671 2.754367 -0.810092
0.123463 -0.690649 0.359053 0.869738 2.772745 -0.798228
0.123291 -0.690563 0.358990 0.870265 2.772508 -0.798165
0.121891 -0.687241 0.358500 0.924431 2.745216 -0.816243
0.121700 -0.687140 0.358432 0.925357 2.744772 -0.816138
0.123607 -0.692230 0.359048 0.839832 2.787862 -0.787017
0.124002 -0.692969 0.359149 0.830397 2.795837 -0.782456
0.124902 -0.695985 0.359289 0.766962 2.817259 -0.763736
0.126300 -0.697862 0.359581 0.743029 2.837163 -0.752820
0.126174 -0.697796 0.359540 0.742580 2.837346 -0.752874
0.126504 -0.699196 0.359516 0.707481 2.845832 -0.743416
0.125082 -0.696110 0.359318 0.770007 2.825253 -0.762134
0.124946 -0.696036 0.359280 0.769740 2.825236 -0.762123
0.124811 -0.695961 0.359244 0.769502 2.825346 -0.762139
0.127424 -0.701056 0.359578 0.665748 2.864094 -0.730887
0.127333 -0.700997 0.359557 0.664642 2.864579 -0.731003
0.126079 -0.698941 0.359401 0.703814 2.850183 -0.743373
0.126599 -0.701361 0.359312 0.635835 2.860999 -0.726719
0.126517 -0.701301 0.359299 0.634522 2.861474 -0.726852
0.126437 -0.701240 0.359289 0.633208 2.862047 -0.727009
0.124201 -0.698636 0.358908 0.671121 2.838003 -0.741652
0.125779 -0.702570 0.358990 0.574702 2.859414 -0.715658
0.125719 -0.702510 0.358993 0.572982 2.860059 -0.715848
0.125662 -0.702447 0.358999 0.571229 2.860725 -0.716057
0.125607 -0.702384 0.359010 0.569435 2.861330 -0.716241
0.125553 -0.702319 0.359023 0.567595 2.861982 -0.716463
0.123501 -0.701346 0.358567 0.561012 2.842417 -0.719946
0.123444 -0.701276 0.358587 0.559240 2.842993 -0.720153
0.120236 -0.697549 0.358003 0.617136 2.809882 -0.741289
0.120813 -0.702588 0.349385 0.617136 2.809882 -0.741289
0.223974 -0.790964 0.358872 2.937387 -0.394831 0.508635
