0.196172 -0.700252 0.269373 0.464232 2.646575 -0.561233
0.196049 -0.700205 0.269261 0.463901 2.646639 -0.561289
0.195932 -0.700165 0.269132 0.463548 2.646767 -0.561345
0.195807 -0.700126 0.269019 0.463192 2.646865 -0.561428
0.195659 -0.700011 0.268858 0.466893 2.638952 -0.570246
0.195468 -0.699902 0.268687 0.468501 2.628549 -0.578354
0.195344 -0.699857 0.268576 0.468086 2.628678 -0.578460
0.195164 -0.699752 0.268414 0.468209 2.619224 -0.584495
0.195007 -0.699665 0.268270 0.468333 2.613169 -0.588702
0.194886 -0.699617 0.268166 0.467886 2.613267 -0.588802
0.194695 -0.699468 0.267977 0.469931 2.599497 -0.599531
0.194571 -0.699414 0.267871 0.469431 2.599643 -0.599660
0.194441 -0.699364 0.267767 0.468903 2.599811 -0.599836
0.194277 -0.699236 0.267604 0.470698 2.590294 -0.608030
0.194153 -0.699177 0.267500 0.470151 2.590463 -0.608177
0.193980 -0.699082 0.267355 0.468677 2.583151 -0.611637
0.193856 -0.699016 0.267259 0.468122 2.583370 -0.611779
0.193698 -0.698852 0.267081 0.472266 2.571746 -0.623932
0.193574 -0.698789 0.266980 0.471673 2.571930 -0.624097
0.193450 -0.698723 0.266880 0.471065 2.572115 -0.624261
0.193310 -0.698622 0.266761 0.470368 2.568166 -0.626804
0.193186 -0.698555 0.266662 0.469736 2.568365 -0.626980
0.193020 -0.698455 0.266527 0.468337 2.562194 -0.630049
0.192896 -0.698386 0.266430 0.467685 2.562394 -0.630231
0.192783 -0.698313 0.266322 0.467066 2.562591 -0.630386
0.192659 -0.698241 0.266226 0.466390 2.562791 -0.630576
0.192486 -0.698170 0.266108 0.462312 2.558751 -0.629539
0.192363 -0.698096 0.266013 0.461616 2.558962 -0.629736
0.192224 -0.698030 0.265922 0.460945 2.559183 -0.629961
0.192100 -0.697956 0.265827 0.460230 2.559407 -0.630165
0.192020 -0.697829 0.265720 0.466145 2.559108 -0.637858
0.191896 -0.697755 0.265626 0.465423 2.559332 -0.638064
0.191749 -0.697724 0.265553 0.460080 2.561737 -0.632039
0.191580 -0.697688 0.265460 0.453493 2.561590 -0.626173
0.191455 -0.697611 0.265367 0.452737 2.561824 -0.626385
0.191330 -0.697535 0.265275 0.451979 2.562057 -0.626602
0.191205 -0.697457 0.265183 0.451213 2.562282 -0.626817
0.191080 -0.697380 0.265091 0.450443 2.562515 -0.627035
0.190963 -0.697292 0.264997 0.450909 2.562619 -0.628666
0.190867 -0.697175 0.264908 0.453721 2.562375 -0.632918
0.190741 -0.697089 0.264811 0.453545 2.561788 -0.634231
0.190615 -0.697011 0.264720 0.452775 2.562015 -0.634447
0.190490 -0.696934 0.264630 0.452005 2.562248 -0.634665
0.190358 -0.696870 0.264545 0.449821 2.563194 -0.632983
0.190229 -0.696817 0.264469 0.447102 2.565371 -0.630048
0.190098 -0.696729 0.264369 0.446786 2.564093 -0.631590
0.189972 -0.696666 0.264268 0.445958 2.564284 -0.631831
0.189823 -0.696570 0.264154 0.445131 2.560565 -0.634153
0.189695 -0.696494 0.264063 0.444373 2.560796 -0.634370
0.189555 -0.696423 0.263969 0.442359 2.560153 -0.633729
0.189428 -0.696349 0.263879 0.441609 2.560381 -0.633939
0.189268 -0.696254 0.263760 0.440051 2.555801 -0.635910
0.189140 -0.696181 0.263670 0.439319 2.556020 -0.636118
0.188974 -0.696100 0.263555 0.436645 2.551845 -0.636654
0.188798 -0.696021 0.263455 0.434172 2.548302 -0.637070
0.188663 -0.695881 0.263316 0.438031 2.541728 -0.645834
0.188536 -0.695811 0.263224 0.437352 2.541937 -0.646034
0.188388 -0.695766 0.263140 0.433676 2.542530 -0.642817
0.188223 -0.695644 0.262995 0.434429 2.534478 -0.649042
0.188095 -0.695576 0.262903 0.433792 2.534671 -0.649233
0.187953 -0.695521 0.262811 0.431581 2.534558 -0.647893
0.187824 -0.695455 0.262719 0.430970 2.534746 -0.648079
0.187695 -0.695391 0.262626 0.430370 2.534921 -0.648253
0.187565 -0.695328 0.262533 0.429787 2.535104 -0.648431
0.187405 -0.695216 0.262369 0.430115 2.526469 -0.654316
0.187275 -0.695156 0.262275 0.429574 2.526630 -0.654478
0.187145 -0.695098 0.262180 0.429050 2.526788 -0.654641
0.187014 -0.695041 0.262086 0.428546 2.526935 -0.654788
0.186811 -0.694964 0.261939 0.424767 2.518260 -0.656245
0.186646 -0.694828 0.261768 0.427845 2.507437 -0.666157
0.186512 -0.694741 0.261645 0.429676 2.503970 -0.670682
0.186380 -0.694691 0.261549 0.429274 2.504092 -0.670808
0.186248 -0.694642 0.261451 0.428897 2.504205 -0.670925
0.186116 -0.694596 0.261354 0.428543 2.504314 -0.671040
0.185984 -0.694550 0.261255 0.428212 2.504414 -0.671144
0.185791 -0.694447 0.261082 0.428060 2.493113 -0.677692
0.185659 -0.694406 0.260982 0.427783 2.493200 -0.677783
0.185526 -0.694367 0.260881 0.427530 2.493276 -0.677866
0.185393 -0.694329 0.260781 0.427298 2.493346 -0.677938
0.185259 -0.694293 0.260680 0.427087 2.493414 -0.678009
0.185055 -0.694159 0.260459 0.428332 2.476416 -0.689128
0.184920 -0.694126 0.260357 0.428168 2.476467 -0.689182
0.184787 -0.694094 0.260254 0.428024 2.476517 -0.689232
0.184652 -0.694063 0.260152 0.427891 2.476553 -0.689275
0.184430 -0.694006 0.259978 0.423796 2.465353 -0.691364
0.184296 -0.693978 0.259874 0.423696 2.465380 -0.691398
0.184167 -0.693906 0.259740 0.426941 2.461594 -0.697117
0.184033 -0.693879 0.259635 0.426871 2.461618 -0.697146
0.183899 -0.693854 0.259530 0.426811 2.461630 -0.697164
0.183753 -0.693757 0.259363 0.430825 2.453422 -0.706140
0.183618 -0.693732 0.259258 0.430792 2.453437 -0.706152
0.183435 -0.693685 0.259107 0.428998 2.446323 -0.708336
0.183300 -0.693662 0.259000 0.428979 2.446330 -0.708344
0.183165 -0.693639 0.258895 0.428965 2.446333 -0.708352
0.183043 -0.693624 0.258803 0.429426 2.448299 -0.707742
0.182908 -0.693602 0.258696 0.429418 2.448304 -0.707743
0.182766 -0.693542 0.258573 0.432331 2.445052 -0.712629
0.182623 -0.693512 0.258456 0.432367 2.443451 -0.713585
0.182482 -0.693520 0.258370 0.429967 2.445777 -0.709749
0.182354 -0.693452 0.258231 0.433360 2.441748 -0.715603
0.182202 -0.693427 0.258113 0.432393 2.439790 -0.715717
0.182067 -0.693404 0.258007 0.432383 2.439791 -0.715718
0.181939 -0.693341 0.257872 0.435334 2.436158 -0.720901
0.181806 -0.693327 0.257775 0.434824 2.437290 -0.719747
0.181673 -0.693299 0.257667 0.435135 2.436980 -0.720291
0.181539 -0.693275 0.257563 0.435100 2.436993 -0.720303
0.181405 -0.693249 0.257458 0.435055 2.437005 -0.720317
0.181276 -0.693220 0.257353 0.435560 2.437037 -0.720909
0.181134 -0.693164 0.257219 0.436754 2.433143 -0.724456
0.181001 -0.693137 0.257115 0.436675 2.433169 -0.724483
0.180869 -0.693108 0.257011 0.436582 2.433200 -0.724518
0.180710 -0.693079 0.256894 0.434622 2.430772 -0.724041
0.180594 -0.693039 0.256783 0.434474 2.430818 -0.724054
0.180454 -0.692996 0.256666 0.434532 2.428872 -0.725430
0.180321 -0.692914 0.256521 0.437467 2.423512 -0.731726
0.180189 -0.692881 0.256418 0.437311 2.423565 -0.731785
0.180058 -0.692847 0.256316 0.437143 2.423623 -0.731845
0.179896 -0.692801 0.256183 0.435513 2.419295 -0.732917
0.179765 -0.692765 0.256081 0.435323 2.419357 -0.732986
0.179635 -0.692714 0.255964 0.436183 2.417732 -0.735098
0.179505 -0.692678 0.255861 0.435979 2.417800 -0.735175
0.179375 -0.692643 0.255758 0.435764 2.417869 -0.735253
0.179201 -0.692595 0.255616 0.433225 2.412166 -0.736230
0.179071 -0.692559 0.255511 0.433001 2.412244 -0.736314
0.178875 -0.692553 0.255389 0.426171 2.408720 -0.731656
0.178747 -0.692518 0.255283 0.425929 2.408796 -0.731746
0.178618 -0.692482 0.255177 0.425687 2.408872 -0.731834
0.178487 -0.692408 0.255035 0.427899 2.404440 -0.736980
0.178263 -0.692386 0.254874 0.420054 2.395906 -0.734070
0.178095 -0.692373 0.254761 0.415825 2.394126 -0.731021
0.177967 -0.692340 0.254652 0.415575 2.394202 -0.731114
0.177749 -0.692321 0.254492 0.408206 2.386189 -0.728268
0.177622 -0.692291 0.254380 0.407959 2.386270 -0.728363
0.177494 -0.692261 0.254267 0.407714 2.386343 -0.728456
0.177368 -0.692231 0.254154 0.407476 2.386421 -0.728550
0.177242 -0.692203 0.254039 0.407240 2.386493 -0.728640
0.177048 -0.692162 0.253862 0.403411 2.377759 -0.729827
0.176922 -0.692136 0.253744 0.403190 2.377826 -0.729913
0.176704 -0.692138 0.253582 0.395060 2.370762 -0.725547
0.176578 -0.692116 0.253462 0.394854 2.370826 -0.725628
0.176452 -0.692096 0.253339 0.394657 2.370885 -0.725706
0.176261 -0.692108 0.253195 0.388060 2.367004 -0.721092
0.176135 -0.692091 0.253070 0.387882 2.367058 -0.721161
0.175946 -0.692078 0.252896 0.383345 2.360200 -0.720300
0.175736 -0.692073 0.252709 0.377079 2.351589 -0.718455
0.175612 -0.692062 0.252578 0.376944 2.351630 -0.718510
0.175409 -0.692093 0.252420 0.369886 2.346567 -0.713677
0.175284 -0.692086 0.252286 0.369776 2.346597 -0.713720
0.175130 -0.692136 0.252177 0.364292 2.349035 -0.706496
0.175007 -0.692132 0.252040 0.364203 2.349063 -0.706532
0.174883 -0.692129 0.251902 0.364127 2.349083 -0.706561
0.174738 -0.692165 0.251780 0.360349 2.350471 -0.701738
0.174614 -0.692164 0.251641 0.360291 2.350483 -0.701761
0.174464 -0.692276 0.251580 0.351480 2.359043 -0.687519
0.174341 -0.692277 0.251441 0.351434 2.359053 -0.687538
0.174217 -0.692277 0.251302 0.351398 2.359065 -0.687553
0.174095 -0.692278 0.251164 0.351368 2.359072 -0.687565
0.173971 -0.692279 0.251027 0.351344 2.359082 -0.687576
0.173847 -0.692279 0.250891 0.351324 2.359084 -0.687584
0.173839 -0.692316 0.250875 0.356105 2.375973 -0.684131
0.173812 -0.692377 0.250863 0.358101 2.392894 -0.677684
0.173649 -0.692394 0.250717 0.354418 2.390285 -0.675052
0.173662 -0.692446 0.250741 0.359497 2.410746 -0.670422
0.173538 -0.692444 0.250613 0.359479 2.410751 -0.670429
0.173492 -0.692529 0.250611 0.357898 2.427958 -0.660359
0.173368 -0.692524 0.250488 0.357868 2.427964 -0.660369
0.173447 -0.692627 0.250582 0.362206 2.460087 -0.649552
0.173322 -0.692619 0.250465 0.362157 2.460099 -0.649567
0.173196 -0.692608 0.250351 0.362101 2.460113 -0.649587
0.173472 -0.692618 0.250492 0.385521 2.503230 -0.652660
0.173738 -0.692752 0.250687 0.398217 2.555029 -0.641026
0.173612 -0.692736 0.250584 0.398116 2.555063 -0.641056
0.173752 -0.692862 0.250700 0.402361 2.593292 -0.628199
0.173625 -0.692839 0.250606 0.402210 2.593329 -0.628237
0.173930 -0.692875 0.250725 0.425916 2.637702 -0.629611
0.173801 -0.692845 0.250641 0.425720 2.637759 -0.629662
0.173672 -0.692813 0.250561 0.425504 2.637836 -0.629717
0.174148 -0.692930 0.250770 0.453744 2.702863 -0.625045
0.174026 -0.692884 0.250686 0.453460 2.702977 -0.625064
0.173895 -0.692841 0.250622 0.453137 2.703068 -0.625133
0.173765 -0.692793 0.250564 0.452779 2.703185 -0.625207
0.173633 -0.692742 0.250513 0.452387 2.703294 -0.625291
0.174115 -0.692774 0.250666 0.491569 2.759818 -0.630777
0.174657 -0.692747 0.250757 0.549713 2.810716 -0.648095
0.174523 -0.692684 0.250722 0.549286 2.810867 -0.648165
0.174389 -0.692616 0.250693 0.548833 2.811035 -0.648230
0.174906 -0.692753 0.250831 0.586587 2.874387 -0.644414
0.174733 -0.692477 0.250708 0.613694 2.848786 -0.670639
0.174597 -0.692399 0.250694 0.613272 2.848973 -0.670684
0.175099 -0.692546 0.250809 0.655085 2.909070 -0.666805
0.174962 -0.692462 0.250803 0.654570 2.909184 -0.666816
0.174825 -0.692376 0.250800 0.654058 2.909395 -0.666866
0.175256 -0.692251 0.250758 0.743952 2.925128 -0.700527
0.175674 -0.692105 0.250676 0.811807 2.788266 -0.706476
0.175527 -0.692011 0.250699 0.806430 2.768721 -0.701089
0.175722 -0.691734 0.250563 -0.932094 -2.818771 0.770905
0.175582 -0.691636 0.250578 -0.925459 -2.795914 0.764730
0.175442 -0.691536 0.250594 -0.912811 -2.755130 0.753859
0.175752 -0.691600 0.250606 -1.000747 -2.824765 0.777333
0.176064 -0.691442 0.250482 -1.118735 -2.749823 0.813769
0.175923 -0.691336 0.250505 -1.120961 -2.749002 0.813888
0.176181 -0.691255 0.250418 -1.223122 -2.678453 0.838066
0.176433 -0.691019 0.250232 -1.377348 -2.586536 0.897408
0.176290 -0.690910 0.250260 -1.382276 -2.584902 0.897871
0.176149 -0.690799 0.250289 -1.387295 -2.583202 0.898345
0.176131 -0.690499 0.250160 -1.475364 -2.537993 0.947320
0.175987 -0.690386 0.250190 -1.481262 -2.536070 0.947918
0.176016 -0.690219 0.250116 -1.556267 -2.486724 0.976845
0.175873 -0.690106 0.250147 -1.562901 -2.484234 0.977481
0.175729 -0.689992 0.250179 -1.569521 -2.481457 0.978062
0.175591 -0.689875 0.250179 -1.576709 -2.479418 0.978909
0.175446 -0.689761 0.250210 -1.583147 -2.475913 0.979245
0.175133 -0.689548 0.250255 -1.550041 -2.509297 0.980142
0.174988 -0.689433 0.250284 -1.556861 -2.507296 0.980874
0.174693 -0.689071 0.250219 -1.497227 -2.420635 0.972288
0.174548 -0.688957 0.250247 -1.422546 -2.289081 0.920243
0.174435 -0.688774 0.250214 1.554260 2.437982 -1.002590
0.174274 -0.688505 0.250139 1.601726 2.458828 -1.043656
0.173941 -0.688495 0.250308 1.535260 2.513058 -1.008967
0.173795 -0.688384 0.250330 1.541378 2.511148 -1.009585
0.173649 -0.688274 0.250348 1.549444 2.512287 -1.011344
0.173254 -0.688113 0.250421 1.482973 2.553122 -0.995783
0.173108 -0.688005 0.250435 1.485936 2.547065 -0.994487
0.172962 -0.687899 0.250446 1.489852 2.542720 -0.993797
0.172815 -0.687795 0.250454 1.494675 2.539791 -0.993711
0.172668 -0.687693 0.250459 1.499637 2.537166 -0.993668
0.172207 -0.687651 0.250607 1.405037 2.600831 -0.960636
0.171989 -0.687347 0.250489 1.413597 2.564285 -0.980978
0.171842 -0.687249 0.250483 1.417235 2.561163 -0.980506
0.171695 -0.687154 0.250475 1.420911 2.558139 -0.980097
0.171265 -0.687015 0.250514 1.347278 2.591749 -0.962763
0.171237 -0.686734 0.250333 1.406223 2.527769 -0.995125
0.171090 -0.686643 0.250315 1.409595 2.524803 -0.994604
0.170756 -0.686546 0.250343 1.361449 2.550016 -0.980663
0.170327 -0.686625 0.250508 1.265000 2.623641 -0.938591
0.170202 -0.686443 0.250411 1.287303 2.597276 -0.951776
0.170055 -0.686358 0.250383 1.290093 2.595224 -0.951412
0.169186 -0.686564 0.250681 1.058525 2.724152 -0.866125
0.169039 -0.686481 0.250649 1.060030 2.723220 -0.865951
0.169095 -0.686173 0.250434 1.151557 2.658742 -0.907200
0.168948 -0.686092 0.250396 1.153617 2.657475 -0.906964
0.168564 -0.686115 0.250462 1.079548 2.695787 -0.879161
0.168537 -0.685953 0.250349 1.125180 2.668374 -0.896723
0.168389 -0.685875 0.250306 1.127106 2.667288 -0.896528
0.168086 -0.685790 0.250292 1.086480 2.677619 -0.886228
0.167725 -0.685770 0.250308 1.027733 2.700514 -0.866707
0.167577 -0.685695 0.250260 1.029078 2.699693 -0.866527
0.167182 -0.685837 0.250374 0.932026 2.752806 -0.825670
0.166786 -0.685886 0.250414 0.854253 2.780655 -0.797264
0.166637 -0.685814 0.250362 0.854613 2.780405 -0.797205
0.166571 -0.685615 0.250227 0.898558 2.754871 -0.816985
0.166423 -0.685544 0.250173 0.899200 2.754559 -0.816919
0.166275 -0.685473 0.250117 0.899828 2.754195 -0.816818
0.166128 -0.685402 0.250062 0.900457 2.753798 -0.816723
0.165662 -0.685602 0.250179 0.775818 2.806998 -0.767519
0.165705 -0.685351 0.250009 0.855050 2.772817 -0.799142
0.165556 -0.685282 0.249951 0.855416 2.772588 -0.799091
0.165409 -0.685212 0.249892 0.855839 2.772465 -0.799061
0.165191 -0.685216 0.249879 0.824986 2.786856 -0.786673
0.165043 -0.685147 0.249819 0.825158 2.786629 -0.786618
0.164900 -0.685070 0.249748 0.825363 2.786673 -0.786600
0.164752 -0.685002 0.249688 0.825563 2.786569 -0.786567
0.164666 -0.684850 0.249574 0.858423 2.769452 -0.799716
0.164420 -0.684908 0.249594 0.807764 2.795025 -0.779429
0.164273 -0.684839 0.249534 0.807850 2.794945 -0.779416
0.164125 -0.684770 0.249474 0.807965 2.794961 -0.779412
0.163828 -0.684867 0.249514 0.735214 2.826229 -0.752115
0.163819 -0.684648 0.249365 0.801512 2.798225 -0.776788
0.163885 -0.684385 0.249182 0.896603 2.755458 -0.810370
0.163738 -0.684315 0.249123 0.897286 2.755122 -0.810281
0.163590 -0.684245 0.249065 0.897980 2.754771 -0.810195
0.163443 -0.684174 0.249009 0.898671 2.754367 -0.810092
0.163257 -0.684186 0.249005 0.869738 2.772745 -0.798228
0.163110 -0.684114 0.248951 0.870265 2.772508 -0.798165
0.163072 -0.683934 0.248824 0.924431 2.745216 -0.816243
0.162925 -0.683861 0.248771 0.925357 2.744772 -0.816138
0.162595 -0.683966 0.248833 0.839832 2.787862 -0.787017
0.162453 -0.683931 0.248806 0.830397 2.795837 -0.782456
0.162142 -0.683950 0.248816 0.766962 2.817259 -0.763736
0.162018 -0.683972 0.248824 0.743029 2.837163 -0.752820
0.161871 -0.683896 0.248777 0.742580 2.837346 -0.752874
0.161624 -0.683861 0.248759 0.707481 2.845832 -0.743416
0.161623 -0.683681 0.248655 0.770007 2.825253 -0.762134
0.161476 -0.683601 0.248614 0.769740 2.825236 -0.762123
0.161329 -0.683520 0.248576 0.769502 2.825346 -0.762139
0.160987 -0.683629 0.248648 0.665748 2.864094 -0.730887
0.160841 -0.683546 0.248613 0.664642 2.864579 -0.731003
0.160764 -0.683385 0.248537 0.703814 2.850183 -0.743373
0.160400 -0.683367 0.248544 0.635835 2.860999 -0.726719
0.160254 -0.683282 0.248516 0.634522 2.861474 -0.726852
0.160107 -0.683193 0.248490 0.633208 2.862047 -0.727009
0.159953 -0.682980 0.248398 0.671121 2.838003 -0.741652
0.159543 -0.683043 0.248471 0.574702 2.859414 -0.715658
0.159396 -0.682951 0.248453 0.572982 2.860059 -0.715848
0.159250 -0.682857 0.248437 0.571229 2.860725 -0.716057
0.159104 -0.682762 0.248427 0.569435 2.861330 -0.716241
0.158958 -0.682664 0.248417 0.567595 2.861982 -0.716463
0.158638 -0.682489 0.248360 0.561012 2.842417 -0.719946
0.158492 -0.682388 0.248357 0.559240 2.842993 -0.720153
0.158348 -0.682104 0.248255 0.617136 2.809882 -0.741289
0.158926 -0.687143 0.239636 0.617136 2.809882 -0.741289
0.230487 -0.879496 0.282351 2.937387 -0.394831 0.508635
