0.196173 -0.700253 0.269371 0.464200 2.646556 -0.561246
0.196028 -0.700214 0.269263 0.463902 2.646668 -0.561325
0.195905 -0.700177 0.269148 0.463574 2.646764 -0.561404
0.195779 -0.700137 0.269034 0.463218 2.646863 -0.561487
0.195632 -0.700022 0.268874 0.466919 2.638949 -0.570305
0.195455 -0.699907 0.268702 0.468537 2.628532 -0.578364
0.195331 -0.699861 0.268591 0.468122 2.628662 -0.578470
0.195151 -0.699756 0.268429 0.468246 2.619208 -0.584506
0.194994 -0.699669 0.268285 0.468369 2.613152 -0.588713
0.194882 -0.699615 0.268178 0.467859 2.613264 -0.588828
0.194692 -0.699467 0.267990 0.469903 2.599494 -0.599557
0.194568 -0.699413 0.267883 0.469403 2.599640 -0.599686
0.194443 -0.699357 0.267778 0.468884 2.599806 -0.599825
0.194279 -0.699228 0.267615 0.470680 2.590289 -0.608019
0.194155 -0.699169 0.267511 0.470133 2.590458 -0.608166
0.193981 -0.699074 0.267366 0.468659 2.583146 -0.611626
0.193857 -0.699012 0.267263 0.468084 2.583324 -0.611780
0.193699 -0.698848 0.267086 0.472229 2.571699 -0.623933
0.193575 -0.698785 0.266985 0.471636 2.571884 -0.624098
0.193451 -0.698719 0.266885 0.471028 2.572069 -0.624262
0.193304 -0.698629 0.266760 0.470403 2.568118 -0.626846
0.193180 -0.698562 0.266662 0.469771 2.568317 -0.627021
0.193014 -0.698463 0.266527 0.468372 2.562146 -0.630091
0.192890 -0.698393 0.266429 0.467720 2.562345 -0.630273
0.192766 -0.698323 0.266332 0.467056 2.562555 -0.630458
0.192641 -0.698251 0.266236 0.466380 2.562755 -0.630649
0.192469 -0.698180 0.266119 0.462301 2.558715 -0.629611
0.192345 -0.698107 0.266023 0.461606 2.558926 -0.629808
0.192228 -0.698036 0.265928 0.460912 2.559140 -0.630005
0.192104 -0.697962 0.265834 0.460197 2.559365 -0.630209
0.192024 -0.697835 0.265727 0.466112 2.559066 -0.637902
0.191900 -0.697761 0.265633 0.465390 2.559289 -0.638108
0.191753 -0.697730 0.265559 0.460047 2.561694 -0.632083
0.191586 -0.697695 0.265472 0.453493 2.561568 -0.626202
0.191461 -0.697617 0.265380 0.452737 2.561802 -0.626413
0.191335 -0.697541 0.265288 0.451979 2.562034 -0.626630
0.191211 -0.697464 0.265196 0.451213 2.562259 -0.626845
0.191086 -0.697386 0.265103 0.450443 2.562492 -0.627064
0.190968 -0.697299 0.265009 0.450909 2.562597 -0.628695
0.190865 -0.697193 0.264910 0.453665 2.562329 -0.632979
0.190739 -0.697107 0.264813 0.453489 2.561742 -0.634292
0.190613 -0.697029 0.264722 0.452720 2.561969 -0.634508
0.190488 -0.696952 0.264632 0.451950 2.562201 -0.634727
0.190356 -0.696888 0.264547 0.449765 2.563148 -0.633044
0.190228 -0.696835 0.264471 0.447047 2.565325 -0.630109
0.190096 -0.696747 0.264371 0.446730 2.564047 -0.631651
0.189970 -0.696670 0.264280 0.445960 2.564274 -0.631867
0.189821 -0.696574 0.264166 0.445133 2.560556 -0.634189
0.189679 -0.696494 0.264065 0.444440 2.560807 -0.634360
0.189539 -0.696423 0.263971 0.442425 2.560165 -0.633720
0.189412 -0.696349 0.263881 0.441675 2.560392 -0.633930
0.189252 -0.696254 0.263763 0.440117 2.555813 -0.635900
0.189125 -0.696181 0.263673 0.439385 2.556032 -0.636109
0.188958 -0.696099 0.263557 0.436711 2.551857 -0.636645
0.188796 -0.696020 0.263446 0.434225 2.548287 -0.637026
0.188662 -0.695880 0.263307 0.438084 2.541713 -0.645790
0.188534 -0.695810 0.263216 0.437405 2.541922 -0.645991
0.188387 -0.695765 0.263132 0.433728 2.542515 -0.642773
0.188222 -0.695643 0.262987 0.434481 2.534463 -0.648998
0.188094 -0.695575 0.262894 0.433845 2.534657 -0.649190
0.187952 -0.695520 0.262803 0.431633 2.534543 -0.647849
0.187823 -0.695454 0.262710 0.431022 2.534732 -0.648035
0.187693 -0.695390 0.262617 0.430423 2.534906 -0.648210
0.187564 -0.695328 0.262525 0.429840 2.535090 -0.648388
0.187404 -0.695215 0.262374 0.430147 2.526508 -0.654366
0.187274 -0.695155 0.262280 0.429606 2.526670 -0.654529
0.187144 -0.695098 0.262186 0.429082 2.526828 -0.654691
0.187013 -0.695040 0.262091 0.428577 2.526975 -0.654839
0.186810 -0.694963 0.261944 0.424798 2.518300 -0.656295
0.186645 -0.694827 0.261773 0.427876 2.507477 -0.666207
0.186510 -0.694740 0.261651 0.429707 2.504010 -0.670733
0.186379 -0.694690 0.261554 0.429304 2.504131 -0.670859
0.186247 -0.694642 0.261457 0.428927 2.504244 -0.670976
0.186115 -0.694595 0.261359 0.428573 2.504353 -0.671090
0.185982 -0.694549 0.261261 0.428242 2.504453 -0.671195
0.185790 -0.694446 0.261087 0.428090 2.493152 -0.677743
0.185658 -0.694406 0.260988 0.427813 2.493239 -0.677834
0.185524 -0.694366 0.260887 0.427560 2.493315 -0.677917
0.185399 -0.694318 0.260770 0.427298 2.493381 -0.677917
0.185265 -0.694281 0.260669 0.427087 2.493449 -0.677988
0.185053 -0.694149 0.260451 0.428341 2.476418 -0.689075
0.184918 -0.694115 0.260349 0.428177 2.476469 -0.689128
0.184785 -0.694083 0.260246 0.428033 2.476519 -0.689179
0.184650 -0.694052 0.260144 0.427900 2.476554 -0.689222
0.184429 -0.693995 0.259970 0.423805 2.465355 -0.691311
0.184294 -0.693967 0.259866 0.423705 2.465382 -0.691345
0.184166 -0.693895 0.259732 0.426951 2.461596 -0.697064
0.184031 -0.693868 0.259627 0.426881 2.461620 -0.697093
0.183897 -0.693843 0.259522 0.426820 2.461632 -0.697111
0.183751 -0.693746 0.259355 0.430835 2.453424 -0.706087
0.183616 -0.693721 0.259250 0.430802 2.453439 -0.706099
0.183433 -0.693675 0.259099 0.429008 2.446325 -0.708284
0.183298 -0.693651 0.258992 0.428989 2.446332 -0.708291
0.183163 -0.693628 0.258887 0.428975 2.446335 -0.708299
0.183041 -0.693613 0.258795 0.429436 2.448301 -0.707690
0.182906 -0.693591 0.258689 0.429428 2.448306 -0.707691
0.182756 -0.693540 0.258574 0.432357 2.445050 -0.712627
0.182614 -0.693509 0.258458 0.432393 2.443448 -0.713583
0.182472 -0.693517 0.258372 0.429992 2.445774 -0.709747
0.182344 -0.693449 0.258233 0.433386 2.441746 -0.715601
0.182192 -0.693424 0.258115 0.432418 2.439787 -0.715716
0.182057 -0.693401 0.258009 0.432409 2.439789 -0.715717
0.181929 -0.693338 0.257874 0.435360 2.436156 -0.720899
0.181796 -0.693324 0.257777 0.434850 2.437288 -0.719746
0.181663 -0.693296 0.257669 0.435160 2.436978 -0.720289
0.181529 -0.693273 0.257564 0.435126 2.436990 -0.720301
0.181396 -0.693246 0.257459 0.435081 2.437002 -0.720316
0.181267 -0.693217 0.257354 0.435586 2.437035 -0.720907
0.181124 -0.693161 0.257220 0.436780 2.433140 -0.724454
0.180991 -0.693134 0.257116 0.436701 2.433166 -0.724482
0.180859 -0.693105 0.257013 0.436608 2.433198 -0.724516
0.180700 -0.693076 0.256895 0.434647 2.430769 -0.724040
0.180568 -0.693045 0.256791 0.434522 2.430809 -0.724085
0.180428 -0.693002 0.256674 0.434580 2.428863 -0.725461
0.180295 -0.692920 0.256529 0.437514 2.423503 -0.731758
0.180189 -0.692884 0.256434 0.437338 2.423568 -0.731799
0.180058 -0.692849 0.256332 0.437170 2.423626 -0.731859
0.179896 -0.692803 0.256199 0.435539 2.419297 -0.732931
0.179765 -0.692768 0.256097 0.435350 2.419360 -0.733000
0.179636 -0.692717 0.255980 0.436210 2.417735 -0.735112
0.179505 -0.692681 0.255877 0.436005 2.417802 -0.735189
0.179375 -0.692646 0.255774 0.435790 2.417872 -0.735267
0.179201 -0.692598 0.255632 0.433252 2.412168 -0.736244
0.179071 -0.692562 0.255527 0.433027 2.412247 -0.736327
0.178875 -0.692556 0.255405 0.426197 2.408723 -0.731670
0.178747 -0.692520 0.255300 0.425956 2.408799 -0.731760
0.178619 -0.692485 0.255193 0.425713 2.408875 -0.731848
0.178487 -0.692410 0.255051 0.427925 2.404443 -0.736994
0.178263 -0.692389 0.254890 0.420080 2.395909 -0.734084
0.178095 -0.692376 0.254774 0.415817 2.394118 -0.731045
0.177967 -0.692343 0.254664 0.415567 2.394194 -0.731138
0.177749 -0.692324 0.254504 0.408198 2.386180 -0.728291
0.177600 -0.692300 0.254388 0.407905 2.386270 -0.728374
0.177473 -0.692270 0.254275 0.407660 2.386343 -0.728467
0.177347 -0.692241 0.254161 0.407422 2.386421 -0.728561
0.177220 -0.692213 0.254047 0.407186 2.386492 -0.728651
0.177027 -0.692171 0.253870 0.403357 2.377759 -0.729837
0.176900 -0.692145 0.253752 0.403136 2.377825 -0.729923
0.176682 -0.692148 0.253590 0.395006 2.370762 -0.725557
0.176557 -0.692126 0.253470 0.394800 2.370826 -0.725639
0.176431 -0.692106 0.253347 0.394603 2.370885 -0.725716
0.176240 -0.692118 0.253202 0.388006 2.367004 -0.721102
0.176114 -0.692101 0.253078 0.387828 2.367058 -0.721171
0.175925 -0.692087 0.252903 0.383291 2.360200 -0.720310
0.175715 -0.692083 0.252717 0.377025 2.351589 -0.718464
0.175591 -0.692072 0.252586 0.376890 2.351630 -0.718519
0.175391 -0.692096 0.252423 0.369798 2.346580 -0.713687
0.175267 -0.692089 0.252289 0.369688 2.346609 -0.713730
0.175113 -0.692139 0.252179 0.364204 2.349048 -0.706506
0.174989 -0.692135 0.252043 0.364116 2.349076 -0.706542
0.174868 -0.692131 0.251905 0.364080 2.349123 -0.706558
0.174723 -0.692166 0.251782 0.360301 2.350511 -0.701735
0.174599 -0.692165 0.251644 0.360244 2.350523 -0.701758
0.174449 -0.692277 0.251582 0.351433 2.359084 -0.687516
0.174326 -0.692278 0.251443 0.351387 2.359093 -0.687535
0.174202 -0.692278 0.251305 0.351351 2.359105 -0.687550
0.174079 -0.692279 0.251167 0.351321 2.359112 -0.687562
0.173955 -0.692280 0.251029 0.351297 2.359122 -0.687573
0.173832 -0.692281 0.250893 0.351277 2.359124 -0.687580
0.173823 -0.692318 0.250878 0.356058 2.376013 -0.684128
0.173797 -0.692378 0.250866 0.358053 2.392934 -0.677681
0.173634 -0.692395 0.250720 0.354371 2.390326 -0.675049
0.173651 -0.692444 0.250730 0.359562 2.410800 -0.670388
0.173526 -0.692441 0.250602 0.359543 2.410806 -0.670395
0.173480 -0.692527 0.250601 0.357963 2.428012 -0.660324
0.173385 -0.692509 0.250486 0.357948 2.427999 -0.660329
0.173464 -0.692611 0.250580 0.362286 2.460122 -0.649510
0.173339 -0.692603 0.250463 0.362237 2.460133 -0.649525
0.173213 -0.692593 0.250350 0.362180 2.460148 -0.649545
0.173489 -0.692603 0.250490 0.385601 2.503265 -0.652616
0.173755 -0.692737 0.250685 0.398296 2.555064 -0.640979
0.173629 -0.692720 0.250582 0.398195 2.555098 -0.641009
0.173769 -0.692847 0.250698 0.402441 2.593326 -0.628150
0.173614 -0.692837 0.250603 0.402238 2.593331 -0.628286
0.173919 -0.692872 0.250722 0.425945 2.637703 -0.629660
0.173791 -0.692843 0.250638 0.425749 2.637760 -0.629712
0.173661 -0.692811 0.250558 0.425534 2.637837 -0.629766
0.174137 -0.692927 0.250766 0.453776 2.702863 -0.625094
0.174007 -0.692887 0.250698 0.453482 2.702947 -0.625152
0.173876 -0.692844 0.250634 0.453159 2.703039 -0.625220
0.173748 -0.692787 0.250581 0.452819 2.703189 -0.625228
0.173616 -0.692735 0.250529 0.452427 2.703298 -0.625312
0.174098 -0.692768 0.250683 0.491610 2.759821 -0.630797
0.174640 -0.692741 0.250773 0.549756 2.810718 -0.648114
0.174506 -0.692677 0.250738 0.549329 2.810869 -0.648184
0.174372 -0.692610 0.250709 0.548875 2.811038 -0.648250
0.174889 -0.692747 0.250847 0.586631 2.874389 -0.644432
0.174716 -0.692470 0.250724 0.613738 2.848788 -0.670658
0.174564 -0.692401 0.250703 0.613349 2.848973 -0.670704
0.175067 -0.692547 0.250818 0.655164 2.909068 -0.666823
0.174930 -0.692463 0.250812 0.654650 2.909182 -0.666834
0.174793 -0.692377 0.250810 0.654137 2.909394 -0.666885
0.175223 -0.692252 0.250767 0.744032 2.925123 -0.700544
0.175641 -0.692107 0.250685 0.811523 2.787016 -0.706178
0.175503 -0.692013 0.250693 0.806065 2.767503 -0.700800
0.175698 -0.691736 0.250558 -0.932202 -2.819134 0.771027
0.175558 -0.691638 0.250572 -0.925616 -2.796421 0.764892
0.175418 -0.691538 0.250588 -0.913053 -2.755891 0.754088
0.175728 -0.691602 0.250601 -1.000730 -2.824748 0.777352
0.176040 -0.691444 0.250476 -1.118717 -2.749807 0.813788
0.175899 -0.691338 0.250499 -1.120943 -2.748985 0.813908
0.176157 -0.691257 0.250413 -1.223105 -2.678437 0.838087
0.176409 -0.691021 0.250226 -1.377330 -2.586522 0.897431
0.176285 -0.690915 0.250242 -1.382265 -2.584910 0.897907
0.176143 -0.690804 0.250271 -1.387284 -2.583210 0.898380
0.176125 -0.690504 0.250142 -1.475354 -2.538002 0.947355
0.175981 -0.690391 0.250172 -1.481252 -2.536079 0.947953
0.176010 -0.690224 0.250098 -1.556258 -2.486733 0.976880
0.175867 -0.690111 0.250130 -1.562891 -2.484244 0.977516
0.175723 -0.689997 0.250161 -1.569511 -2.481467 0.978097
0.175579 -0.689882 0.250193 -1.576732 -2.479382 0.978980
0.175434 -0.689768 0.250225 -1.583170 -2.475877 0.979315
0.175121 -0.689555 0.250269 -1.550064 -2.509261 0.980213
0.174976 -0.689440 0.250299 -1.556884 -2.507260 0.980945
0.174681 -0.689078 0.250233 -1.497098 -2.420357 0.972260
0.174536 -0.688964 0.250262 -1.422088 -2.288280 0.919999
0.174423 -0.688781 0.250228 1.554349 2.438055 -1.002705
0.174262 -0.688512 0.250154 1.601742 2.458784 -1.043725
0.173929 -0.688502 0.250322 1.535281 2.513022 -1.009039
0.173783 -0.688391 0.250344 1.541398 2.511110 -1.009656
0.173644 -0.688278 0.250367 1.549446 2.512269 -1.011402
0.173249 -0.688116 0.250440 1.482977 2.553109 -0.995843
0.173102 -0.688008 0.250454 1.485939 2.547051 -0.994546
0.172956 -0.687903 0.250465 1.489855 2.542705 -0.993857
0.172809 -0.687798 0.250473 1.494679 2.539777 -0.993771
0.172663 -0.687696 0.250478 1.499641 2.537153 -0.993728
0.172225 -0.687646 0.250611 1.404962 2.600876 -0.960635
0.172006 -0.687341 0.250493 1.413523 2.564331 -0.980976
0.171860 -0.687244 0.250487 1.417161 2.561210 -0.980505
0.171712 -0.687148 0.250479 1.420837 2.558186 -0.980095
0.171282 -0.687009 0.250519 1.347204 2.591794 -0.962760
0.171254 -0.686729 0.250337 1.406150 2.527816 -0.995123
0.171107 -0.686638 0.250320 1.409522 2.524850 -0.994601
0.170774 -0.686541 0.250347 1.361375 2.550062 -0.980659
0.170344 -0.686619 0.250513 1.264925 2.623685 -0.938587
0.170220 -0.686438 0.250415 1.287229 2.597320 -0.951772
0.170046 -0.686357 0.250385 1.290009 2.595282 -0.951400
0.169178 -0.686563 0.250683 1.058438 2.724204 -0.866110
0.169030 -0.686480 0.250651 1.059943 2.723271 -0.865935
0.169086 -0.686172 0.250435 1.151472 2.658796 -0.907186
0.168939 -0.686091 0.250398 1.153531 2.657529 -0.906949
0.168555 -0.686113 0.250464 1.079462 2.695840 -0.879145
0.168528 -0.685952 0.250350 1.125094 2.668428 -0.896708
0.168380 -0.685874 0.250308 1.127020 2.667342 -0.896513
0.168057 -0.685792 0.250283 1.086445 2.677698 -0.886239
0.167697 -0.685772 0.250299 1.027697 2.700592 -0.866715
0.167549 -0.685696 0.250252 1.029042 2.699771 -0.866535
0.167154 -0.685839 0.250365 0.931990 2.752884 -0.825674
0.166757 -0.685888 0.250405 0.854216 2.780732 -0.797264
0.166609 -0.685815 0.250353 0.854576 2.780482 -0.797205
0.166542 -0.685617 0.250219 0.898521 2.754949 -0.816987
0.166408 -0.685546 0.250172 0.899234 2.754586 -0.816961
0.166260 -0.685474 0.250116 0.899862 2.754222 -0.816860
0.166112 -0.685404 0.250061 0.900490 2.753824 -0.816765
0.165647 -0.685604 0.250178 0.775851 2.807028 -0.767558
0.165689 -0.685353 0.250008 0.855083 2.772845 -0.799183
0.165541 -0.685284 0.249950 0.855449 2.772615 -0.799133
0.165393 -0.685214 0.249891 0.855873 2.772493 -0.799103
0.165176 -0.685218 0.249878 0.825019 2.786885 -0.786713
0.165028 -0.685148 0.249818 0.825191 2.786658 -0.786659
0.164880 -0.685079 0.249759 0.825428 2.786655 -0.786658
0.164733 -0.685011 0.249698 0.825628 2.786551 -0.786625
0.164646 -0.684859 0.249585 0.858488 2.769433 -0.799774
0.164400 -0.684917 0.249605 0.807829 2.795008 -0.779486
0.164253 -0.684848 0.249545 0.807915 2.794928 -0.779474
0.164105 -0.684779 0.249485 0.808030 2.794944 -0.779470
0.163800 -0.684869 0.249516 0.735251 2.826266 -0.752116
0.163791 -0.684650 0.249368 0.801550 2.798262 -0.776790
0.163857 -0.684388 0.249185 0.896641 2.755493 -0.810375
0.163710 -0.684317 0.249126 0.897324 2.755157 -0.810286
0.163562 -0.684247 0.249068 0.898019 2.754806 -0.810200
0.163415 -0.684176 0.249012 0.898709 2.754402 -0.810098
0.163230 -0.684188 0.249008 0.869776 2.772780 -0.798232
0.163083 -0.684117 0.248954 0.870303 2.772544 -0.798169
0.163045 -0.683936 0.248826 0.924469 2.745250 -0.816249
0.162898 -0.683863 0.248774 0.925395 2.744807 -0.816144
0.162582 -0.683967 0.248838 0.839851 2.787885 -0.786999
0.162439 -0.683932 0.248811 0.830416 2.795860 -0.782438
0.162129 -0.683951 0.248822 0.766981 2.817282 -0.763717
0.162005 -0.683973 0.248829 0.743048 2.837186 -0.752801
0.161857 -0.683897 0.248782 0.742598 2.837369 -0.752855
0.161610 -0.683862 0.248764 0.707499 2.845856 -0.743396
0.161619 -0.683687 0.248664 0.769983 2.825255 -0.762138
0.161472 -0.683607 0.248623 0.769716 2.825238 -0.762126
0.161326 -0.683526 0.248584 0.769478 2.825349 -0.762143
0.160984 -0.683635 0.248656 0.665724 2.864096 -0.730891
0.160838 -0.683553 0.248621 0.664618 2.864581 -0.731007
0.160761 -0.683392 0.248546 0.703790 2.850186 -0.743377
0.160397 -0.683374 0.248552 0.635811 2.861001 -0.726723
0.160250 -0.683288 0.248524 0.634498 2.861476 -0.726856
0.160104 -0.683200 0.248498 0.633184 2.862049 -0.727013
0.159949 -0.682986 0.248406 0.671097 2.838005 -0.741656
0.159548 -0.683038 0.248458 0.574728 2.859410 -0.715618
0.159401 -0.682947 0.248440 0.573008 2.860054 -0.715808
0.159256 -0.682853 0.248425 0.571255 2.860721 -0.716017
0.159110 -0.682757 0.248414 0.569462 2.861325 -0.716201
0.158964 -0.682660 0.248405 0.567621 2.861977 -0.716423
0.158644 -0.682485 0.248347 0.561039 2.842413 -0.719906
0.158503 -0.682384 0.248347 0.559300 2.842983 -0.720086
0.158360 -0.682100 0.248244 0.617197 2.809872 -0.741221
0.158938 -0.687138 0.239626 0.617197 2.809872 -0.741221
